######################################
#  DATA/QEfromTTS/20ksamples2.5kV.txt
#  2018-05-14 13:03:34
#  20000
-0.001302	-0.002158	-0.004558	-0.004865	0.005875	-0.002130	1
0.000279	-0.004645	-0.004481	-0.005636	0.006108	-0.000293	192
-0.002093	-0.003557	-0.004883	-0.004185	0.007974	-0.000602	51755
-0.003906	-0.002507	-0.001674	-0.003157	0.011062	-0.000532	1791
-0.002930	-0.003097	-0.000837	-0.003102	0.013849	0.000293
-0.002883	-0.000669	0.000000	-0.000293	0.017531	-0.000279
-0.003022	-0.002008	-0.000977	0.000000	0.017468	-0.003562
-0.002278	-0.003515	-0.002278	-0.002400	0.018217	-0.003657
-0.000558	-0.001758	-0.004981	-0.002970	0.013583	-0.004558
-0.000558	-0.002241	-0.003255	-0.004563	0.015517	-0.002418
-0.000558	-0.002051	-0.003529	-0.002790	0.012784	-0.000837
-0.001099	-0.003321	-0.002506	-0.003516	0.011985	-0.000533
-0.003348	-0.001549	-0.002233	-0.001953	0.011579	0.000279
-0.003580	-0.001953	-0.001172	-0.003025	0.014592	0.000000
-0.005581	-0.000617	-0.001674	-0.003125	0.014379	-0.000279
-0.005162	-0.001172	-0.001465	-0.003906	0.015146	-0.001627
-0.001116	-0.001850	-0.001953	-0.003795	0.013316	-0.002511
0.000000	-0.003222	-0.003320	-0.003084	0.013323	-0.003300
-0.001116	-0.003070	-0.001674	-0.002839	0.011453	-0.002397
-0.000976	-0.001396	-0.003209	-0.001233	0.011967	-0.000837
-0.001256	-0.001674	-0.001116	-0.000837	0.011046	-0.000279
-0.002511	-0.001172	-0.001953	-0.001395	0.012860	0.000279
-0.004325	-0.003055	-0.001758	-0.001674	0.013462	0.000000
-0.003889	-0.002637	-0.001953	-0.002775	0.016113	-0.001674
-0.005040	-0.001716	-0.002232	-0.002790	0.016424	-0.003729
-0.001999	-0.003255	-0.002637	-0.002100	0.016221	-0.006292
-0.000558	-0.002051	0.000293	-0.003906	0.013849	-0.003115
-0.001674	-0.000878	-0.000837	-0.001953	0.010026	-0.001116
-0.002232	-0.000325	-0.001967	-0.002002	0.008548	-0.000267
-0.002598	-0.000879	-0.001953	-0.002560	0.005971	0.001953
-0.002232	-0.001465	-0.002790	-0.002159	0.005291	0.001674
-0.003349	-0.002511	-0.003162	-0.003460	0.010438	-0.000799
-0.001256	-0.003223	-0.003809	-0.002757	0.017950	-0.002636
-0.001674	-0.002775	-0.003791	-0.002232	0.024674	-0.003196
-0.001628	-0.003962	-0.003906	-0.003070	0.025670	-0.003348
-0.004150	-0.003516	-0.005023	-0.004186	0.026012	-0.003181
-0.005394	-0.002604	-0.005162	-0.004318	0.024089	-0.002344
-0.006738	-0.004101	-0.006557	-0.004218	0.020276	-0.001542
-0.005022	-0.003255	-0.007324	-0.004934	0.020875	0.000000
-0.004510	-0.002278	-0.008677	-0.004431	0.018927	0.000000
-0.005069	-0.002343	-0.010253	-0.006569	0.014174	-0.002679
-0.005241	-0.002636	-0.013951	-0.004919	0.013317	-0.001332
-0.004753	-0.001758	-0.014941	-0.007255	0.010091	-0.001065
-0.007720	-0.002888	-0.015346	-0.005228	0.004912	-0.002051
-0.008556	-0.003907	-0.017745	-0.007310	-0.001172	-0.001864
-0.010742	-0.006822	-0.013965	-0.006212	-0.002412	-0.001488
-0.013950	-0.005064	-0.020215	-0.007567	0.002009	-0.001465
-0.015360	-0.005697	-0.019308	-0.005692	0.008410	-0.002406
-0.018090	-0.003628	-0.014648	-0.007143	0.015376	-0.001758
-0.018555	-0.003838	-0.020508	-0.006594	0.017438	-0.002442
-0.022210	-0.005999	-0.019615	-0.007792	0.011524	-0.002735
-0.024740	-0.004790	-0.018741	-0.007927	0.016957	-0.001172
-0.029046	-0.006488	-0.017532	-0.008649	0.008727	-0.000279
-0.033269	-0.005023	-0.018234	-0.010506	0.005452	-0.000684
-0.035249	-0.006371	-0.017718	-0.011439	0.004103	-0.001998
-0.044364	-0.006696	-0.014676	-0.010395	0.003744	-0.002663
-0.050073	-0.006232	-0.016741	-0.010323	0.008670	-0.003516
-0.051483	-0.004789	-0.009021	-0.008540	0.011795	-0.000558
-0.033080	-0.004101	-0.009487	-0.006745	0.014404	-0.001923
-0.057199	-0.001813	-0.006603	-0.008265	0.014001	-0.001331
-0.059710	0.001395	-0.004981	-0.008984	0.012332	-0.000418
-0.058594	0.000390	-0.005273	-0.010602	0.013672	-0.002364
-0.055525	0.000325	-0.007115	-0.009989	0.010432	-0.001598
-0.054276	0.000293	-0.008184	-0.008928	0.011401	-0.005403
-0.023112	-0.000419	-0.008663	-0.010045	0.012252	-0.003829
-0.001367	-0.000326	-0.011384	-0.002344	0.012518	-0.003373
-0.002929	-0.000976	-0.010695	-0.001562	0.013012	-0.002344
-0.001395	0.000000	-0.008641	-0.001395	0.010920	0.001953
-0.002511	0.000558	-0.006836	-0.001116	0.006712	0.000000
-0.003628	0.001723	-0.010058	-0.002100	0.005246	-0.000925
-0.002929	0.002930	-0.011998	-0.002735	0.004533	-0.001628
-0.002093	0.004227	-0.008761	-0.001453	0.002663	-0.005090
0.000732	0.002176	-0.007719	-0.000903	0.003427	-0.006026
0.000000	0.003022	-0.007115	-0.001395	0.001332	-0.005487
0.000000	0.003353	-0.000558	-0.003266	0.000279	0.000325
-0.002930	0.002604	-0.004046	-0.002791	-0.002610	-0.000685
-0.003802	0.001953	-0.002757	-0.001953	-0.002735	-0.000558
-0.004883	-0.004771	-0.002051	-0.001395	-0.001066	-0.000558
-0.002790	-0.002790	-0.001724	-0.001865	0.000782	-0.001465
-0.003348	-0.004297	-0.000930	-0.001674	0.000390	-0.002930
-0.001465	-0.003516	-0.000837	-0.001954	0.001098	-0.003222
-0.001116	-0.003432	-0.004186	-0.001674	0.001451	-0.003729
0.000326	-0.001339	-0.001116	-0.003551	0.000000	-0.003196
0.000000	-0.001758	-0.001255	-0.001733	-0.002710	-0.000799
-0.001953	-0.001542	-0.001953	-0.003572	-0.002503	-0.000367
-0.001116	-0.002323	-0.002092	-0.002512	-0.004622	0.001804
-0.003209	-0.002051	-0.001172	-0.001542	-0.002930	0.000558
-0.002511	-0.001740	-0.002511	-0.001061	-0.001172	-0.000781
-0.000837	-0.002051	-0.001172	-0.003053	0.000956	-0.002321
-0.001378	-0.001954	-0.001465	-0.002068	0.000266	-0.004202
-0.000879	-0.001953	-0.001581	-0.002068	0.000925	-0.002929
-0.001395	-0.003711	-0.003255	-0.002232	-0.001674	-0.001953
-0.002930	-0.003223	-0.003446	-0.004186	-0.002232	-0.000781
-0.002232	-0.002344	-0.003223	-0.001953	-0.002930	0.000000
-0.003627	-0.001590	-0.002232	-0.001542	-0.002397	0.000293
-0.003906	-0.001953	-0.001674	-0.002511	-0.003255	-0.000651
-0.003243	-0.002669	-0.001378	-0.000617	-0.000308	-0.000586
-0.000837	-0.001933	-0.002325	-0.002051	0.000391	-0.000586
0.000279	-0.002051	-0.001395	-0.002197	0.001674	-0.004511
-0.000326	-0.001758	-0.001920	-0.002232	-0.000279	-0.002232
-0.001116	-0.000977	-0.002757	-0.001953	-0.001066	-0.002050
-0.002511	-0.002343	-0.002930	-0.003118	-0.001864	-0.000879
-0.004186	-0.001234	-0.003906	-0.002541	-0.003102	0.000000
-0.001953	-0.002093	-0.002084	-0.001395	-0.003196	-0.001332
-0.001953	-0.001757	-0.001628	-0.001821	-0.002467	0.000558
-0.001465	-0.001953	-0.002051	-0.002379	-0.001331	-0.001172
-0.001116	-0.001785	-0.001395	-0.003515	-0.001563	-0.001465
-0.002930	-0.002511	-0.002790	-0.002776	-0.001172	-0.001758
-0.000837	-0.002878	-0.003929	-0.003627	0.000732	-0.001465
-0.001953	-0.002832	-0.002929	-0.003906	-0.001187	-0.002198
-0.002233	-0.003264	-0.002512	-0.002374	-0.002278	-0.001065
-0.003348	-0.004060	-0.002637	-0.001234	-0.001378	-0.000732
-0.002408	-0.002708	-0.002604	-0.000558	-0.002041	-0.003293
-0.002372	-0.001542	-0.002930	-0.002127	-0.002220	-0.003295
-0.001674	-0.001171	-0.001758	-0.001953	-0.002427	-0.002071
-0.002233	-0.001758	-0.001953	-0.000558	-0.001865	0.000391
-0.003400	-0.001542	-0.002558	-0.001831	-0.002397	-0.001598
-0.000558	-0.001395	-0.002279	-0.000279	-0.001391	-0.000279
-0.001674	-0.000617	-0.001627	-0.002512	-0.002628	-0.000976
-0.000977	-0.002734	-0.001790	-0.000837	-0.001465	-0.001674
-0.000279	-0.002805	-0.002511	-0.001465	-0.000837	-0.005860
-0.000558	-0.001758	-0.003488	-0.001953	-0.000391	-0.003196
-0.001034	-0.001758	-0.002344	-0.000689	0.000000	-0.002375
-0.003348	-0.003348	-0.002563	-0.002343	0.000279	-0.002197
-0.001395	-0.002470	-0.003291	-0.001850	0.003660	-0.000732
-0.001627	-0.005190	-0.003907	-0.002232	0.006836	0.001172
-0.002651	-0.003055	-0.002790	-0.001395	0.006405	0.001953
-0.002511	-0.002050	-0.003939	-0.002623	0.006124	0.000000
-0.001855	-0.001549	-0.001674	-0.002158	0.001465	-0.001542
-0.002246	-0.002501	-0.001627	-0.001842	-0.002249	-0.002249
-0.002539	-0.004227	-0.000689	-0.000837	-0.023950	-0.002782
-0.000558	-0.001461	-0.001116	-0.000279	-0.074665	-0.002283
-0.000732	-0.000558	-0.001674	-0.000309	-0.176132	-0.000976
-0.002557	-0.001767	-0.000558	0.000000	-0.283416	0.000266
-0.003393	-0.000837	-0.002278	-0.000617	-0.332520	-0.000325
-0.002418	-0.002604	-0.003069	-0.001953	-0.337542	0.000000
-0.002233	-0.003580	-0.003255	-0.003979	-0.350656	-0.001395
-0.002344	-0.003180	-0.003874	-0.006697	-0.313743	-0.004492
-0.002247	-0.002714	-0.002930	-0.002623	-0.327193	-0.004262
-0.001116	-0.001757	-0.003488	-0.001233	-0.311285	-0.005184
-0.002093	-0.000879	-0.001116	-0.000558	-0.334555	-0.003729
-0.001465	-0.001953	-0.002279	0.000279	-0.311133	-0.001598
-0.002930	-0.001498	-0.001954	0.000309	-0.344509	0.000918
-0.001395	-0.001117	-0.001116	-0.000558	-0.339474	0.001332
-0.001117	-0.001758	-0.001465	-0.002129	-0.331410	0.001116
-0.003209	-0.002344	-0.001813	-0.004497	-0.361595	-0.001302
-0.003348	-0.002511	-0.002050	-0.005302	-0.349298	-0.002930
-0.006139	-0.002604	-0.001627	-0.003524	-0.120239	-0.005360
-0.002186	-0.002158	-0.002232	-0.001850	-0.338360	-0.006092
-0.002279	-0.003516	-0.002279	-0.002757	-0.349302	-0.006259
-0.000879	-0.002051	-0.001906	0.000308	-0.349581	-0.003125
0.000837	-0.001953	-0.000837	-0.001034	-0.308982	-0.002892
-0.000419	-0.001171	-0.001378	-0.001233	-0.370206	0.001302
-0.000698	-0.000586	-0.001488	-0.001953	-0.364347	0.003255
-0.000651	-0.002288	-0.001302	-0.000781	-0.352114	0.001953
-0.001674	-0.002930	-0.002092	-0.000925	-0.353976	0.002539
-0.004185	-0.003060	-0.003223	-0.003333	-0.331613	-0.000309
-0.004102	-0.003349	-0.003619	-0.002512	-0.324625	-0.001203
-0.004447	-0.001595	-0.003767	-0.003098	-0.333433	-0.003729
-0.003907	-0.002604	-0.001116	-0.001954	-0.345099	-0.003729
-0.001302	-0.000925	-0.002930	-0.002776	-0.351562	-0.006432
-0.000293	-0.003125	-0.000879	-0.001674	-0.355753	-0.004004
-0.000586	-0.001542	-0.004186	-0.001953	-0.354038	-0.002232
-0.001814	-0.002636	-0.004185	-0.002344	-0.348110	-0.002564
-0.001813	-0.004590	-0.005153	-0.002233	-0.325995	0.000267
-0.002790	-0.000977	-0.002376	-0.002232	-0.292257	0.001465
-0.001850	-0.002734	-0.001535	-0.003516	-0.287287	0.000000
-0.001464	-0.001270	-0.001809	-0.002878	-0.251480	0.000000
-0.001256	-0.001172	-0.000976	-0.002511	-0.171732	-0.001116
-0.000976	-0.000879	-0.002279	-0.003628	-0.108659	-0.002511
-0.001116	-0.000617	-0.003348	-0.002734	-0.060547	-0.004297
-0.000837	-0.001674	-0.004185	-0.003349	-0.023047	-0.003515
-0.002278	-0.002735	-0.003791	-0.001116	0.001450	-0.000266
-0.003628	-0.002344	-0.003767	-0.001395	0.005127	-0.001465
-0.004232	-0.002233	-0.001674	-0.002623	-0.005859	0.000267
-0.004604	-0.003255	-0.002232	-0.001674	-0.015858	0.000000
-0.003349	-0.003516	-0.002413	-0.003084	-0.013093	-0.001953
-0.002564	-0.004186	-0.003223	-0.002790	-0.005025	-0.001116
-0.001823	-0.002767	-0.002139	-0.001850	0.008049	-0.002050
-0.002197	-0.002279	-0.001395	-0.002158	0.017020	-0.002637
-0.003348	-0.001172	-0.001464	-0.001116	0.019988	-0.000837
-0.001488	-0.000279	-0.000879	0.001233	0.019602	-0.000670
0.000000	-0.000293	-0.001116	0.000000	0.010416	0.000000
-0.000651	-0.002344	-0.001675	-0.000558	0.005941	0.001066
-0.001465	-0.002930	-0.001395	-0.002232	-0.001116	0.000602
-0.002494	-0.002929	-0.003069	-0.003069	-0.002413	-0.000279
-0.002512	-0.002721	-0.004101	-0.003795	0.001172	-0.002232
-0.002637	-0.002051	-0.003767	-0.004520	0.005483	-0.002605
-0.002512	-0.002805	-0.003209	-0.001953	0.011960	-0.003363
-0.002412	-0.002604	-0.002883	-0.004009	0.014993	-0.005992
-0.001953	-0.002840	-0.001953	-0.002100	0.016566	-0.004492
-0.002929	-0.001172	-0.002372	-0.001116	0.015839	-0.003196
-0.001562	-0.002413	-0.001953	-0.002233	0.014584	-0.001674
-0.001442	-0.000586	-0.003102	-0.001395	0.011084	0.000000
-0.001116	-0.000837	-0.000651	-0.000558	0.011061	0.001395
-0.002344	-0.003125	-0.002068	0.000000	0.010387	0.000366
-0.002564	-0.000925	-0.001395	-0.000558	0.011186	0.000000
-0.001256	-0.000326	-0.002093	-0.001395	0.011896	0.000000
-0.002232	-0.001968	-0.001953	-0.001953	0.012175	-0.000418
-0.001674	-0.002604	-0.003223	-0.003055	0.009994	-0.001598
-0.002241	-0.003581	-0.003535	-0.003642	0.007783	-0.004927
-0.002929	-0.002051	-0.003441	-0.002159	0.008789	-0.004302
-0.002232	-0.002897	-0.002790	-0.001953	0.008681	-0.004009
-0.002511	-0.000308	-0.002799	-0.001340	0.009091	-0.001964
-0.002441	-0.000345	-0.001441	0.000000	0.009559	-0.001831
-0.002406	-0.000977	-0.000558	-0.000345	0.009487	-0.000279
-0.002278	-0.001395	-0.003076	-0.000645	0.011985	-0.000391
-0.002110	-0.002093	-0.001465	-0.002232	0.012329	0.000000
0.000000	-0.000651	-0.002409	-0.003296	0.013406	-0.000558
-0.002197	-0.001757	-0.003627	-0.003460	0.013423	-0.000879
-0.002511	-0.003070	-0.003200	-0.001953	0.012928	-0.002264
-0.003906	-0.002678	-0.001674	-0.001066	0.013672	-0.001395
-0.002598	-0.001757	-0.001967	-0.001116	0.011985	-0.002279
-0.002512	-0.001758	-0.001395	-0.001116	0.011718	-0.002197
-0.000977	-0.001465	-0.000326	-0.002467	0.011816	-0.001627
-0.000558	-0.000586	-0.002558	-0.001395	0.011604	-0.001953
-0.001814	-0.000977	-0.002930	-0.003245	0.012200	-0.000837
-0.001767	-0.003906	-0.000977	-0.002511	0.011681	-0.001233
-0.002930	-0.001953	-0.003255	-0.001542	0.013528	-0.000617
-0.002476	-0.002734	-0.002511	-0.001674	0.013998	-0.001395
-0.002511	-0.002279	-0.001595	-0.001172	0.011796	-0.001864
-0.001953	-0.002511	-0.002490	-0.001116	0.015003	-0.002930
-0.001953	-0.001628	-0.001172	-0.001205	0.016989	-0.001303
-0.002651	-0.000586	-0.002232	-0.001233	0.018403	-0.001674
-0.001396	-0.001172	-0.001395	-0.001453	0.016419	-0.001531
-0.002197	-0.001758	-0.001757	-0.002698	0.017887	-0.001563
-0.000976	-0.001953	-0.003349	-0.002232	0.015980	-0.001758
-0.002790	-0.003102	-0.002605	-0.002773	0.015448	-0.003293
-0.002232	-0.001465	-0.001767	-0.003181	0.013296	-0.003460
-0.003209	-0.002051	-0.001674	-0.001172	0.011204	-0.003906
-0.000884	-0.001004	-0.002637	-0.001172	0.010793	-0.002131
-0.000279	-0.001888	-0.000944	-0.000558	0.009956	-0.001562
-0.001675	-0.000837	-0.001724	-0.000558	0.010120	-0.000837
-0.001954	-0.001497	-0.003223	-0.000558	0.009588	-0.000732
-0.002051	-0.002883	-0.003678	-0.000558	0.010812	-0.001065
-0.002755	-0.004185	-0.004274	-0.002344	0.011718	-0.000651
-0.003767	-0.002604	-0.001674	-0.003594	0.015270	0.000325
-0.002563	0.000000	-0.002637	-0.002937	0.015886	0.000558
-0.001116	-0.000325	-0.002278	-0.001954	0.014727	-0.000651
-0.001395	-0.000651	-0.001627	-0.003084	0.014243	-0.000732
-0.000837	-0.001465	-0.000558	-0.000391	0.014276	0.000000
-0.001395	-0.000418	-0.001498	-0.001724	0.014774	-0.001511
-0.001720	-0.000418	-0.002636	-0.000279	0.011288	-0.001851
-0.002744	-0.002344	-0.002511	-0.001116	0.012239	-0.000279
-0.002929	-0.001465	-0.002790	-0.001598	0.008754	-0.003315
-0.002197	-0.003190	-0.002930	-0.002658	0.007990	-0.001172
-0.003662	-0.001674	-0.002511	-0.001835	0.010960	-0.002929
-0.002791	-0.001116	-0.005441	-0.003627	0.011733	-0.001598
-0.002372	-0.001465	-0.002511	-0.003907	0.014488	-0.001953
-0.001116	-0.002344	-0.003976	-0.003348	0.011947	0.000000
-0.000837	-0.003306	-0.004186	-0.002599	0.011985	0.000325
-0.001116	-0.003441	-0.002790	-0.002746	0.010170	0.000000
-0.002092	-0.002279	-0.003349	-0.001395	0.010352	0.000267
-0.001396	-0.000418	-0.001972	-0.000308	0.010920	-0.002279
-0.003034	-0.001897	-0.003529	-0.001851	0.009765	-0.000325
-0.002511	-0.001297	-0.004324	-0.003803	0.013006	-0.001465
-0.001628	-0.002158	-0.003255	-0.004133	-0.335963	-0.002663	2
-0.002233	-0.006319	-0.005515	-0.005078	-0.335714	-0.002436	64
-0.003209	-0.003976	-0.005999	-0.004743	-0.336781	-0.003377	51755
-0.002511	-0.003093	-0.003069	-0.002878	-0.324610	-0.002752	1791
-0.002930	-0.002511	-0.002511	-0.001724	-0.325994	-0.001465
-0.002604	-0.001227	0.000000	0.002051	-0.339767	-0.000558
-0.003673	-0.002008	-0.000977	0.001851	-0.341034	-0.001731
-0.002929	-0.001758	-0.002278	-0.001228	-0.360396	-0.000867
-0.001396	-0.002344	-0.002930	-0.003249	-0.328886	-0.001628
-0.001116	-0.001233	-0.003580	-0.004954	-0.373939	-0.002697
-0.001953	-0.002930	-0.003529	-0.005804	-0.342203	-0.002232
-0.002197	-0.002670	-0.001921	-0.005748	-0.361683	-0.003995
-0.002232	-0.001549	-0.002233	-0.001953	-0.361816	-0.003069
-0.003580	-0.001628	-0.001497	-0.000558	-0.343472	-0.003129
-0.004186	-0.001625	-0.001116	0.001562	-0.322510	-0.001953
-0.003488	-0.001758	-0.002083	0.000000	-0.350345	-0.003255
-0.001395	-0.001234	-0.002604	-0.001172	-0.356247	-0.001674
0.000279	-0.002051	-0.002995	-0.001850	-0.360784	0.000293
-0.000558	-0.002791	-0.003628	-0.002002	-0.351873	-0.000267
-0.000976	-0.002512	-0.004046	-0.002775	-0.351107	0.000558
-0.002372	-0.003115	-0.002790	-0.003348	-0.335773	0.000837
-0.002232	-0.002176	-0.002511	-0.003216	-0.344029	-0.000837
-0.003488	-0.002051	-0.001465	-0.002790	-0.324265	-0.001367
-0.004621	-0.001465	-0.001302	-0.002158	-0.340333	-0.004185
-0.003209	-0.001423	-0.001953	-0.001674	-0.332349	-0.006007
-0.000837	-0.002604	-0.002344	-0.001792	-0.346502	-0.007990
-0.001116	-0.002930	-0.002344	-0.001562	-0.341290	-0.003394
-0.000837	-0.002636	-0.002930	-0.001116	-0.308984	-0.001395
-0.001953	-0.003548	-0.002804	-0.002002	-0.322088	0.000266
-0.003697	-0.003850	-0.002232	-0.001871	-0.305804	0.000325
-0.003487	-0.002930	-0.003069	-0.001233	-0.246255	0.000837
-0.003628	-0.002511	-0.002604	-0.003070	-0.198411	-0.000266
-0.002093	-0.002605	-0.002930	-0.003036	-0.117391	-0.003222
-0.001395	-0.001850	-0.002757	-0.002820	-0.068099	-0.003995
-0.001953	-0.003125	-0.002929	-0.002512	-0.028959	-0.003348
-0.001831	-0.002930	-0.000558	-0.003795	-0.003196	-0.003572
-0.003255	-0.002278	-0.001814	-0.002776	0.000977	-0.001172
-0.004297	-0.003264	-0.003767	-0.001379	-0.006302	0.000000
-0.003069	-0.002279	-0.002767	-0.002775	-0.014560	0.000279
-0.000883	-0.002604	-0.002921	-0.001723	-0.014631	-0.000651
-0.001395	-0.002050	-0.002343	-0.001864	-0.007868	-0.003460
-0.001628	-0.003808	-0.004464	-0.002408	0.003463	-0.003196
-0.000293	-0.001465	-0.004325	-0.001507	0.011263	-0.002663
-0.000558	-0.001716	-0.003348	-0.000617	0.018647	-0.001758
-0.001302	-0.002344	-0.003348	-0.000781	0.017099	-0.001598
-0.002232	-0.004186	-0.000944	-0.000617	0.012707	0.000651
-0.003906	-0.001465	-0.003265	-0.001724	0.006697	0.001098
-0.003627	-0.002604	-0.002511	-0.002902	-0.002757	-0.000293
-0.004139	-0.001675	-0.001758	-0.002121	-0.002131	0.000000
-0.003907	-0.002605	-0.002930	-0.002791	0.000000	-0.003614
-0.002511	-0.002743	-0.002558	-0.002658	0.002447	-0.003321
-0.003581	-0.002791	-0.001953	-0.003906	0.010818	-0.003809
-0.004186	-0.004604	-0.003023	-0.002966	0.011356	-0.004353
-0.002279	-0.003907	-0.004325	-0.001850	0.015447	-0.003320
-0.003906	-0.002790	-0.002839	-0.002599	0.014617	-0.002730
-0.001953	-0.002930	-0.002930	-0.002347	0.011376	-0.001864
-0.001464	-0.000838	-0.002372	-0.001674	0.008345	-0.001954
-0.001302	-0.002185	-0.001627	0.001332	0.008020	-0.000279
-0.002467	-0.002343	-0.003349	0.000279	0.010909	-0.000799
-0.002791	-0.001162	-0.001395	-0.001234	0.012048	0.000533
-0.004511	-0.001675	-0.001465	-0.002734	0.011642	-0.000418
-0.003906	-0.002735	-0.002604	-0.002467	0.014649	-0.002098
-0.003070	-0.003223	-0.004604	-0.003516	0.010822	-0.002397
-0.001953	-0.002344	-0.003441	-0.003832	0.008611	-0.005822
-0.001209	-0.003349	-0.003200	-0.002679	0.007339	-0.005160
-0.000976	-0.002930	-0.002905	-0.003907	0.006777	-0.005326
-0.002511	-0.003255	-0.002409	-0.000390	0.006956	-0.004981
-0.003488	-0.002260	-0.002093	-0.001395	0.008079	0.000000
-0.002790	-0.001953	-0.002148	0.000000	0.011328	-0.000279
-0.003628	-0.002085	-0.001595	-0.000558	0.013579	0.001234
-0.003296	-0.002637	-0.002232	-0.001954	0.015039	-0.000651
-0.002093	-0.001758	-0.003320	-0.002687	0.014726	-0.001865
0.001464	-0.002930	-0.002930	-0.002971	0.013548	-0.002197
-0.000391	-0.004687	-0.001395	-0.002232	0.011478	-0.002278
-0.001395	-0.002930	-0.001953	-0.001674	0.008984	-0.001953
-0.004232	-0.002800	-0.003209	-0.001674	0.008523	-0.002017
-0.004081	-0.000781	-0.002068	-0.000837	0.008452	0.000279
-0.003906	-0.001004	-0.002344	-0.001953	0.010323	-0.001116
-0.003069	-0.002511	-0.002758	-0.003178	0.013939	-0.001758
-0.003348	-0.003125	-0.003567	-0.003348	0.015364	-0.004561
-0.002051	-0.004102	-0.004325	-0.001675	0.015246	-0.003222
-0.001999	-0.005524	-0.003348	-0.002232	0.015253	-0.004528
-0.001674	-0.003851	-0.001116	-0.001989	0.013507	-0.003729
-0.001628	-0.002343	-0.001255	-0.001733	0.010731	-0.001332
-0.003209	-0.001542	-0.000837	-0.003572	0.011453	-0.001099
-0.001116	-0.001542	-0.001674	-0.002232	0.014821	0.000000
-0.001954	-0.002930	-0.002343	-0.001542	0.015964	0.000837
-0.002930	-0.002856	-0.001395	-0.001061	0.019211	0.000000
-0.001395	-0.001758	-0.002344	-0.001116	0.020242	-0.002321
-0.001034	-0.002512	-0.002197	-0.001723	0.020117	-0.003551
-0.000586	-0.002790	-0.000279	-0.001034	0.018307	-0.004101
-0.001674	-0.002409	-0.002604	-0.001953	0.014294	-0.003522
-0.002930	-0.002344	-0.004032	-0.003014	0.012302	-0.001953
-0.003209	-0.002734	-0.001758	-0.001116	0.008522	-0.000732
-0.003627	0.000000	-0.001674	-0.000925	0.008257	-0.000293
-0.003581	-0.001953	-0.000279	-0.001395	0.007908	-0.001302
-0.002511	-0.002669	-0.002257	-0.000925	0.008943	-0.000879
-0.000558	-0.003104	-0.001209	-0.002344	0.012695	-0.000879
-0.000838	-0.003515	-0.002232	-0.001465	0.015346	-0.003581
-0.002325	-0.004199	-0.002897	-0.003683	0.015676	-0.001953
-0.002232	-0.002474	-0.003791	-0.001395	0.016069	-0.002636
-0.002511	-0.002929	-0.002637	-0.001395	0.013012	-0.001172
-0.003349	-0.000925	-0.003906	-0.002820	0.014085	-0.001331
-0.001172	-0.003348	-0.002084	-0.001674	0.011891	-0.002330
-0.001953	-0.001171	-0.001628	-0.002129	0.013485	-0.002177
-0.001465	-0.000558	-0.002344	-0.002995	0.010717	-0.002653
-0.000558	-0.001227	-0.001953	-0.002734	0.009890	-0.001758
-0.002511	-0.003348	-0.003348	-0.003084	0.007812	-0.002637
-0.002511	-0.002097	-0.005394	-0.002511	0.011121	-0.002630
-0.002279	-0.004785	-0.005720	-0.003125	0.010573	-0.002564
-0.003070	-0.005775	-0.005302	-0.002374	0.009574	-0.002308
-0.002511	-0.006446	-0.002344	-0.000926	0.011397	-0.002783
-0.001529	-0.003398	-0.003906	-0.002232	0.012467	-0.002512
-0.003209	-0.002467	-0.004186	-0.003592	0.010418	-0.002563
-0.001116	-0.002427	-0.001465	-0.002790	0.009292	-0.002071
-0.003628	-0.002637	-0.001953	-0.000279	0.010387	-0.001953
-0.003400	-0.000617	-0.001954	-0.000366	0.010387	-0.001598
-0.002651	-0.003208	-0.001953	-0.001395	0.010594	-0.001116
-0.003069	-0.002776	-0.001302	-0.000558	0.013583	-0.002929
-0.000977	-0.002734	-0.001497	-0.001116	0.012430	-0.002511
-0.000837	-0.004897	-0.001674	-0.001831	0.010159	-0.006925
0.000000	-0.001465	-0.002930	-0.001116	0.010281	-0.003995
0.000000	-0.003809	-0.003516	-0.002068	0.008073	-0.002992
-0.002511	-0.004604	-0.002197	-0.002343	0.009423	-0.002930
-0.001674	-0.003348	-0.002705	0.000617	0.007845	0.000000
-0.002930	-0.003767	-0.002232	-0.002232	0.009766	0.001954
-0.003209	-0.002636	-0.002232	-0.001954	0.010311	0.001628
-0.004185	-0.002636	-0.003939	-0.002623	0.012932	-0.000279
-0.002441	-0.002805	-0.001953	-0.002467	0.003663	-0.001850
-0.001172	-0.001884	-0.001302	-0.003014	0.015422	-0.002249
-0.002864	-0.002971	-0.002447	-0.001954	0.016566	-0.003433
-0.001953	-0.001116	-0.001674	-0.000837	0.018324	-0.003881
-0.002563	-0.002512	-0.001674	-0.002159	0.015776	-0.001953
-0.002232	-0.002743	-0.002697	-0.001234	0.013012	-0.003462
-0.003393	-0.003628	-0.002929	-0.002159	0.013442	-0.000651
-0.002697	-0.003906	-0.003348	-0.003125	0.012911	0.000000
-0.002233	-0.004557	-0.002976	-0.003054	0.013824	-0.001116
-0.002344	-0.002343	-0.002930	-0.002735	0.009854	-0.001563
-0.001628	-0.003495	-0.001465	-0.002344	0.012518	-0.001332
-0.001953	-0.001464	-0.000279	-0.000925	0.014775	-0.001542
-0.002372	-0.002377	-0.000558	-0.001116	0.012403	-0.002511
-0.002637	-0.002605	-0.001628	-0.001395	0.012435	-0.001331
-0.004325	-0.002149	-0.002279	-0.002819	0.014329	-0.001953
-0.001395	-0.003070	-0.002839	-0.002958	0.015074	-0.001598
-0.002791	-0.002344	-0.003809	-0.000925	0.011719	-0.001674
-0.002651	-0.002051	-0.002092	-0.002429	0.012010	-0.003581
-0.002511	-0.002930	-0.001464	-0.002511	0.011985	-0.002131
-0.003349	-0.003255	-0.000976	-0.001982	0.000782	-0.003128
-0.002837	-0.002158	-0.000837	-0.002775	0.013317	-0.003023
-0.002930	-0.003516	-0.001302	-0.002757	0.014584	-0.000732
-0.001465	-0.001758	-0.002185	-0.002717	0.015276	-0.002734
-0.000837	-0.002232	-0.001674	-0.002905	0.013626	-0.001218
-0.001675	-0.002720	-0.001378	-0.002159	0.010387	-0.000279
-0.001256	-0.001172	-0.002046	-0.003125	0.008049	-0.000837
-0.000976	-0.002288	-0.001953	-0.000781	0.006498	-0.000976
-0.001953	-0.002637	-0.002929	-0.003084	0.007161	0.000293
-0.004185	-0.001888	-0.003516	-0.003333	0.010225	-0.001234
-0.004492	-0.003070	-0.004205	-0.001395	0.015358	-0.002302
-0.003888	-0.002767	-0.004325	-0.002232	0.023597	-0.002664
-0.005581	-0.002604	-0.002511	-0.001675	0.028255	-0.003196
-0.002930	-0.002878	-0.003255	-0.002776	0.026900	-0.005748
-0.001758	-0.002735	-0.004101	-0.003404	0.025527	-0.002832
-0.002637	-0.003393	-0.006976	-0.005804	0.022981	-0.002232
-0.006418	-0.003808	-0.008231	-0.003125	0.021763	-0.001465
-0.006371	-0.005371	-0.009938	-0.005507	0.018146	0.000000
-0.006696	-0.004763	-0.010142	-0.006040	0.015722	0.000366
-0.004317	-0.004492	-0.011719	-0.007422	0.012378	-0.000366
-0.007550	-0.004395	-0.012900	-0.006887	0.007225	-0.001172
-0.008231	-0.003808	-0.014369	-0.005915	0.001171	-0.001674
-0.010370	-0.003223	-0.015997	-0.006065	-0.002870	-0.001395
-0.013626	-0.004420	-0.018331	-0.006306	-0.001116	-0.003516
-0.015458	-0.004604	-0.021094	-0.007123	0.002876	-0.002051
-0.020647	-0.006934	-0.021763	-0.006626	0.010991	-0.001598
-0.022322	-0.006380	-0.021220	-0.006902	0.017404	-0.002051
-0.025350	-0.006604	-0.020194	-0.004251	0.018200	-0.000799
-0.026619	-0.009533	-0.018415	-0.006916	0.016508	-0.001598
-0.032939	-0.009208	-0.017253	-0.007298	0.011452	-0.001116
-0.037720	-0.009710	-0.010808	-0.010603	0.008789	-0.001116
-0.036328	-0.008250	-0.010505	-0.009736	0.006185	-0.000879
-0.054492	-0.008041	-0.008184	-0.013322	0.004439	-0.001758
-0.063726	-0.007073	-0.003808	-0.014906	0.006671	-0.001116
-0.072074	-0.006278	-0.004395	-0.013473	0.010014	-0.001451
-0.067578	-0.005013	-0.000837	-0.014406	0.010091	-0.001598
-0.074123	-0.005022	0.002232	-0.015713	0.012638	-0.002278
-0.072950	-0.003809	0.005301	-0.014509	0.011934	-0.001233
-0.076004	-0.001953	0.005534	-0.015067	0.010409	-0.000837
-0.077051	0.002092	0.006739	-0.014676	0.009730	-0.001395
-0.061524	0.000000	0.005273	-0.014964	0.008240	-0.003581
-0.003070	0.002092	0.005720	-0.001674	0.010770	-0.003084
-0.002757	0.002139	0.001953	-0.002776	0.012863	-0.005460
-0.002232	0.000558	-0.000325	-0.002937	0.015394	-0.003028
-0.003255	0.001628	-0.001953	-0.002177	0.013050	-0.004054
-0.001171	0.001379	-0.001674	-0.002233	0.010677	-0.005078
-0.001767	0.000293	-0.003102	-0.001954	0.007736	-0.004883
-0.002232	0.000000	-0.001953	-0.001953	0.003304	-0.003683
-0.001758	-0.001563	-0.002758	-0.001465	0.001450	-0.004727
-0.003575	0.000308	-0.004185	-0.001953	-0.001066	-0.005181
-0.002930	-0.000326	-0.003767	-0.002232	-0.000799	-0.002734
-0.001674	-0.001130	-0.001953	-0.001674	-0.000390	-0.003348
-0.002511	-0.002279	-0.002344	-0.001821	-0.000799	-0.002130
-0.002858	-0.002930	-0.002279	-0.002158	-0.004066	-0.003463
-0.002929	-0.002343	-0.002883	-0.001542	-0.006712	-0.003069
-0.003348	-0.002897	-0.000837	-0.001953	-0.001611	-0.000925
-0.001674	-0.003084	-0.001497	-0.002121	-0.001842	-0.001964
-0.002148	-0.002413	-0.001162	-0.001234	-0.002095	-0.002930
-0.002685	-0.002604	-0.001674	-0.002758	-0.001171	-0.001395
-0.002929	-0.002232	-0.003076	-0.002476	-0.001065	-0.001954
-0.003226	-0.004185	-0.001465	-0.002511	-0.001598	-0.002246
-0.001628	-0.002278	-0.003060	-0.003296	-0.001395	-0.001116
-0.002563	-0.002050	-0.001953	-0.002623	-0.001864	-0.001758
-0.002511	-0.003349	-0.001674	-0.001674	-0.000837	-0.001465
-0.002651	-0.002957	-0.001395	-0.001865	-0.002511	-0.000558
-0.003331	-0.002594	-0.003223	-0.001674	-0.001332	-0.000976
-0.003907	-0.002344	-0.001674	-0.002511	-0.001598	-0.001831
-0.001953	-0.001758	-0.002279	-0.003084	-0.000586	-0.001302
-0.000558	-0.001758	-0.001954	-0.001674	-0.001598	-0.001953
-0.001814	-0.002930	-0.002344	-0.002129	-0.001598	-0.001395
-0.001209	-0.002734	-0.002279	-0.001953	-0.002663	-0.002159
-0.002930	-0.001674	-0.004232	-0.002658	-0.002390	-0.001234
-0.001011	-0.002734	-0.005720	-0.001983	-0.003069	-0.002846
-0.002836	-0.002604	-0.003548	-0.001953	-0.001542	-0.001065
-0.003348	-0.003390	-0.002124	-0.002511	-0.001563	-0.001465
-0.002511	-0.003581	-0.002051	-0.001484	-0.001850	-0.002558
-0.002372	-0.003223	-0.001395	-0.002467	-0.002511	-0.001395
-0.001675	-0.000879	-0.001395	-0.001762	-0.001065	-0.002630
-0.002563	-0.000879	-0.002929	-0.001465	-0.001850	-0.001563
-0.001534	-0.001395	-0.003349	-0.001953	-0.003516	-0.001465
-0.001116	-0.003792	-0.003256	-0.001936	-0.001331	-0.001730
-0.001674	-0.003027	-0.002325	-0.003181	-0.001116	-0.003460
-0.002558	-0.004265	-0.003069	-0.002344	-0.002761	-0.003255
-0.002186	-0.003055	-0.002637	-0.001953	-0.001065	-0.001598
-0.003349	-0.003841	-0.003287	-0.001116	-0.002511	-0.003418
-0.002512	-0.001953	-0.002361	-0.001116	-0.001865	-0.001674
-0.003907	-0.001790	-0.002344	-0.000837	-0.002456	-0.004028
-0.001758	-0.001674	-0.002702	-0.001674	-0.001831	-0.001864
-0.002476	-0.002092	-0.003395	-0.001953	-0.001865	-0.001581
-0.001814	-0.001627	-0.001674	-0.003594	-0.002734	-0.000651
-0.001465	-0.001542	-0.003223	-0.001704	-0.002068	-0.000558
-0.002372	-0.001953	-0.002836	-0.002512	-0.001723	-0.001953
-0.001674	-0.002278	-0.003190	-0.003392	-0.002232	-0.000366
-0.003209	-0.002929	-0.002651	-0.001451	-0.002604	-0.000879
-0.001395	-0.004060	-0.001205	-0.001724	-0.001025	-0.001511
-0.002557	-0.001674	-0.002929	-0.000837	-0.002511	-0.000617
-0.002465	-0.002051	-0.002511	-0.001395	-0.003381	-0.002511
-0.002929	-0.002539	-0.001953	-0.000799	-0.002413	-0.002397
-0.003766	-0.003190	-0.002930	-0.003274	-0.003196	-0.001465
-0.003296	-0.001953	-0.003069	-0.002713	-0.002068	-0.002343
-0.003349	-0.001954	-0.003348	-0.003069	0.000602	-0.001865
-0.002372	-0.002051	-0.001953	-0.001953	0.003569	-0.001628
-0.001674	-0.002051	-0.004395	-0.003069	0.004168	0.000000
-0.002930	-0.003599	-0.003535	-0.002908	0.006333	-0.001953
-0.001395	-0.005068	-0.002790	-0.002467	0.005412	-0.000837
-0.001255	-0.002930	-0.002512	-0.000279	0.004226	-0.001431
-0.001396	-0.002302	-0.001302	-0.000925	0.001953	-0.003116
-0.004499	-0.003292	-0.003529	-0.001851	-0.005078	-0.000651
-0.003348	-0.001590	-0.002650	-0.002262	-0.018972	-0.002830
0.000000	-0.002158	-0.003255	-0.003034	0.011833	-0.002663	3
-0.000977	-0.004645	-0.004481	-0.005357	0.009245	-0.001203	128
-0.001535	-0.003557	-0.003767	-0.002232	0.009698	-0.001218	51755
-0.001674	-0.002800	-0.002511	-0.002041	0.012304	-0.000799	1791
-0.001302	-0.001255	0.000419	-0.002758	0.013849	0.001171
-0.002883	-0.000948	-0.001855	-0.000293	0.014429	-0.000837
-0.005301	-0.002301	-0.000279	-0.000308	0.015181	-0.002829
-0.002604	-0.000586	-0.000976	-0.002400	0.016208	-0.002262
-0.000558	-0.002344	-0.002637	-0.002970	0.013050	-0.002930
-0.000279	-0.001233	-0.004232	-0.002610	0.015517	-0.001581
-0.000558	-0.002051	-0.002839	-0.002790	0.011452	-0.001395
-0.001465	-0.002051	-0.001302	-0.001563	0.011985	-0.001066
-0.001953	-0.001842	-0.000930	-0.001395	0.012695	0.000000
-0.003255	-0.001302	-0.000586	-0.000866	0.015924	0.000366
-0.003348	-0.001625	-0.000279	-0.001172	0.016537	-0.000558
-0.004046	-0.001465	-0.001758	-0.001562	0.016477	-0.001302
0.000000	-0.002159	-0.002278	-0.003516	0.014272	-0.001953
0.000000	-0.001758	-0.002995	-0.002776	0.010979	-0.002067
-0.000837	-0.002791	-0.003209	-0.003397	0.007665	-0.002131
-0.001302	-0.002233	-0.001953	-0.003084	0.005356	-0.001395
-0.001535	-0.001953	-0.002232	-0.002232	0.007911	0.001953
-0.002511	-0.001172	-0.002232	-0.001983	0.014044	0.000558
-0.004046	-0.001758	-0.001758	-0.002232	0.023112	-0.000390
-0.004987	-0.001465	-0.002897	-0.003054	0.030229	-0.001395
-0.003575	-0.002009	-0.004464	-0.003348	0.028468	-0.003729
-0.003301	-0.002930	-0.004102	-0.002100	0.026368	-0.005560
-0.003627	-0.002930	-0.005933	-0.003906	0.021852	-0.003673
-0.005615	-0.003222	-0.007952	-0.002849	0.017898	-0.001786
-0.007306	-0.003255	-0.010338	-0.004793	0.016974	0.000799
-0.008649	-0.001757	-0.009951	-0.007254	0.015168	0.002278
-0.008370	-0.000879	-0.014788	-0.005536	0.008073	0.001674
-0.009348	-0.004102	-0.015439	-0.008092	0.006195	-0.000266
-0.010324	-0.003809	-0.015876	-0.006106	0.002604	-0.001465
-0.011439	-0.003084	-0.017578	-0.004361	0.000651	-0.003196
-0.012835	-0.005915	-0.019717	-0.006065	0.003349	-0.003348
-0.015311	-0.005650	-0.020131	-0.007534	0.008573	-0.004353
-0.019345	-0.003906	-0.021359	-0.007446	0.012485	-0.001953
-0.020368	-0.007031	-0.020675	-0.006451	0.016369	-0.000925
-0.024330	-0.004720	-0.020717	-0.006265	0.017609	0.000558
-0.026985	-0.004817	-0.018508	-0.006943	0.015820	-0.001302
-0.027204	-0.004394	-0.015820	-0.006569	0.009005	-0.001507
-0.032683	-0.005664	-0.016974	-0.005198	0.006807	-0.001332
-0.034570	-0.003874	-0.015820	-0.008371	0.006362	-0.001065
-0.048703	-0.005524	-0.014509	-0.006344	0.006776	-0.001465
-0.050455	-0.007032	-0.015206	-0.005915	0.007511	-0.001598
-0.053968	-0.006529	-0.008789	-0.002776	0.010754	-0.000651
-0.057812	-0.005901	-0.010101	-0.001379	0.013858	-0.000733
-0.055465	-0.004525	-0.006092	-0.003181	0.013897	-0.001172
-0.061394	-0.000558	-0.003223	-0.002121	0.011414	-0.000879
-0.060826	-0.001302	-0.002930	-0.001116	0.009133	-0.001172
-0.058928	-0.000558	-0.003534	-0.000308	0.006928	-0.003028
-0.060091	0.000279	-0.003627	-0.001674	0.011097	-0.001465
-0.053131	0.000837	-0.005534	-0.002966	0.011077	-0.001619
-0.002279	-0.000279	-0.008427	-0.002467	0.016229	-0.001856
-0.000418	-0.000558	-0.009319	-0.001982	0.014617	-0.003096
0.000279	-0.000586	-0.007747	-0.002347	0.010260	-0.001598
0.000000	0.001674	-0.011719	-0.001674	0.006392	-0.005469
-0.001953	0.001116	-0.009021	-0.001598	0.003255	-0.002790
-0.001542	0.003516	-0.011424	-0.000558	0.003076	-0.001598
-0.002791	0.002791	-0.007254	-0.000617	0.003196	-0.002587
-0.002512	0.003627	-0.007910	-0.001562	0.003699	-0.000837
-0.003348	0.001870	-0.007910	-0.002467	0.007191	-0.002364
-0.003349	0.002279	-0.003767	-0.004297	0.004628	-0.001864
-0.001953	0.001172	-0.001953	-0.003216	0.001143	-0.001599
-0.000326	0.001674	-0.001674	-0.003070	0.000533	-0.002497
-0.001367	0.000325	-0.001871	-0.002344	-0.005007	-0.002130
-0.001255	-0.001302	-0.000325	-0.000781	-0.002397	-0.001563
-0.002232	-0.001255	0.000419	-0.000837	-0.001864	0.000000
-0.001674	-0.000837	-0.001855	-0.000279	-0.001953	0.001396
-0.001953	-0.000690	-0.002246	-0.002716	0.000558	-0.000308
-0.002197	-0.003027	-0.002511	-0.001954	0.001757	-0.001302
-0.002093	-0.002050	-0.002344	-0.001453	-0.000267	-0.001865
0.000000	-0.003767	-0.001302	-0.000279	-0.002734	-0.003629
0.000000	-0.002734	-0.000279	-0.001395	-0.002101	-0.001627
-0.000837	-0.001465	-0.001395	-0.002232	-0.004136	-0.001302
-0.002930	-0.002507	-0.002372	-0.001954	-0.004954	-0.000951
-0.003802	-0.000390	-0.002068	-0.001674	-0.005246	0.001425
-0.004883	0.000586	-0.001172	-0.001116	-0.000267	-0.000279
-0.003627	-0.001563	-0.002068	-0.001066	0.001172	-0.001172
-0.002511	-0.002344	-0.000930	-0.000837	0.002343	-0.004561
-0.002637	-0.002637	-0.000837	-0.000558	0.001831	-0.002343
-0.000837	-0.003850	-0.002930	-0.000837	-0.000279	-0.003196
0.000000	-0.002734	-0.001674	-0.001989	-0.001983	-0.003196
0.000000	-0.002050	-0.000837	-0.001454	-0.003243	-0.000799
-0.001674	-0.001851	-0.001116	-0.004130	-0.004847	0.001098
-0.001674	-0.001933	-0.003348	-0.002512	-0.003024	0.001804
-0.004883	-0.001758	-0.001172	-0.000925	-0.002131	0.000279
-0.003348	-0.002019	-0.001953	-0.002177	-0.000782	0.000391
-0.000558	-0.001172	-0.000879	-0.002019	0.000956	-0.002055
-0.001034	0.000000	0.000000	-0.001034	0.000799	-0.004202
-0.000293	-0.001395	0.000000	-0.001379	0.001233	-0.004101
-0.001395	-0.002409	-0.001302	-0.000837	0.000558	-0.001674
-0.002930	-0.002637	-0.003102	-0.003014	-0.002232	-0.000391
-0.002558	-0.003125	-0.001758	-0.001116	-0.003729	0.000733
-0.003348	-0.002008	-0.002511	-0.000925	-0.002397	0.001172
-0.002930	-0.002897	-0.001116	-0.001953	-0.004232	0.000000
-0.002511	-0.002376	-0.001964	-0.001542	-0.001234	-0.001172
-0.000837	-0.001542	-0.001209	-0.000879	0.001563	-0.000879
0.000000	-0.002637	-0.001116	-0.002197	0.000558	-0.002604
-0.000930	-0.002637	-0.000944	-0.001953	0.000000	-0.003069
-0.001953	-0.001595	-0.003447	-0.001674	0.000000	-0.001757
-0.001395	-0.001757	-0.002051	-0.002774	-0.001864	-0.001172
-0.002512	-0.000925	-0.002344	-0.000309	-0.003901	-0.000799
-0.002734	-0.001256	-0.002084	-0.001674	-0.002930	0.000266
-0.000977	-0.000879	-0.001628	-0.001513	-0.004009	-0.001116
-0.001758	-0.001395	-0.001465	-0.002687	-0.001331	-0.002344
0.000279	-0.001506	-0.001674	-0.001562	-0.002121	-0.002636
-0.002511	-0.002093	-0.003627	-0.002776	-0.001953	-0.002344
-0.001395	-0.002097	-0.003636	-0.001395	-0.001831	-0.001831
-0.001627	-0.003223	-0.004185	-0.003516	-0.001187	-0.001831
-0.002233	-0.004101	-0.003907	-0.002066	0.000000	-0.002308
-0.003069	-0.004479	-0.000733	-0.002776	-0.000344	-0.000732
-0.002701	-0.002708	0.000000	-0.002232	0.004743	-0.001340
-0.001674	-0.001542	-0.002511	-0.002127	0.005326	-0.002197
-0.001674	-0.002846	-0.000586	-0.000558	0.006362	-0.001234
-0.001674	-0.001758	-0.000279	0.000279	0.006717	-0.002539
-0.003400	-0.002467	0.000000	0.001099	0.003285	-0.000266
-0.001395	-0.001395	-0.000651	-0.000558	-0.001657	-0.001953
-0.001395	-0.002467	-0.001302	-0.000558	-0.020694	-0.001302
-0.000977	-0.003515	-0.001204	-0.000279	-0.075147	0.000000
-0.001116	-0.001130	-0.000837	-0.000366	-0.181837	-0.001256
0.000000	-0.000879	-0.000837	0.000000	-0.281250	-0.001065
-0.001685	-0.001758	-0.002051	-0.000689	-0.346651	-0.001172
-0.002092	-0.003348	-0.001099	-0.001562	-0.331752	-0.001465
-0.001674	-0.002177	-0.002068	-0.001850	-0.351976	-0.002197
-0.003255	-0.002930	-0.003488	-0.002790	-0.348437	-0.001953
-0.003209	-0.003055	-0.002511	-0.001116	-0.358327	-0.001581
-0.002511	-0.002929	-0.003288	-0.001395	-0.336091	-0.003069
0.000000	-0.002805	-0.001674	0.000000	-0.211931	-0.002467
-0.000586	-0.002192	0.000000	0.000558	-0.339000	-0.001331
-0.000911	-0.001297	0.000345	0.001116	-0.352183	-0.000533
-0.000279	-0.001461	0.000279	-0.000279	-0.347754	-0.000419
-0.000366	-0.001954	-0.001116	-0.001851	-0.354226	0.000000
-0.002557	-0.002092	-0.001395	-0.003084	-0.342596	-0.001065
-0.002159	-0.002791	-0.004232	-0.003672	-0.344448	-0.002929
-0.002418	-0.003255	-0.002232	-0.006027	-0.335100	-0.001898
-0.001675	-0.002929	-0.002418	-0.003671	-0.345572	-0.005246
-0.002344	-0.001785	-0.001302	-0.001172	-0.308665	-0.002442
-0.001628	-0.001542	-0.000586	0.000781	-0.329634	-0.002397
-0.001953	-0.000878	-0.001395	0.001542	-0.321260	-0.000925
-0.002093	-0.002051	-0.000279	0.000279	-0.347586	0.002093
-0.001172	-0.002605	-0.001628	-0.000837	-0.318806	0.001066
-0.001256	-0.001823	-0.002279	-0.001424	-0.347072	0.001717
0.000279	-0.002791	-0.002839	-0.002177	-0.337382	0.000266
-0.002233	-0.003223	-0.002637	-0.001850	-0.327015	-0.000279
-0.002372	-0.002051	-0.001255	-0.003463	-0.355345	-0.001953
-0.002930	-0.001256	-0.001757	-0.002232	-0.344709	-0.002930
-0.003349	-0.001302	-0.001627	-0.001982	-0.119507	-0.003686
-0.002511	-0.001233	-0.000279	-0.001850	-0.337941	-0.004139
-0.000977	-0.001758	-0.000977	-0.002413	-0.349302	-0.004028
-0.000879	-0.001758	-0.000976	-0.000309	-0.347168	-0.001953
0.000558	-0.003348	0.000419	-0.002347	-0.302705	-0.000533
0.000418	-0.001883	0.000000	-0.001542	-0.353605	0.000325
0.000000	-0.002050	-0.001209	-0.002344	-0.335468	0.000000
-0.000651	-0.003125	-0.001953	-0.000391	-0.300098	-0.001302
-0.001395	-0.002637	-0.002092	-0.002158	-0.245704	-0.001465
-0.005022	-0.002474	-0.002637	-0.000558	-0.175207	-0.001234
-0.002930	-0.002232	-0.001861	-0.001395	-0.111229	-0.001569
-0.003051	-0.001595	-0.000837	-0.002511	-0.063212	-0.003196
-0.002233	-0.000976	-0.000837	-0.001117	-0.018538	-0.002397
0.000651	-0.000308	-0.000558	-0.001542	-0.001302	-0.003404
-0.000293	-0.001563	-0.000586	-0.000279	0.004229	-0.000781
0.000000	-0.000617	-0.001256	-0.001563	-0.002912	0.000000
-0.000977	-0.002051	-0.003348	-0.000391	-0.012221	-0.000733
-0.002139	-0.004199	-0.004274	-0.003070	-0.013216	0.000000
-0.002790	-0.001954	-0.003353	-0.003069	-0.006665	-0.002563
-0.001234	-0.004199	-0.003628	-0.004353	0.002930	-0.002197
-0.000366	-0.002832	-0.003274	-0.001953	0.012973	-0.002344
-0.002093	-0.002050	-0.000651	-0.001953	0.019637	-0.000837
-0.001302	0.000000	-0.002604	-0.000558	0.019996	-0.000837
-0.000698	0.000309	-0.001256	-0.000391	0.014002	-0.000391
-0.000837	-0.001395	-0.002511	-0.001116	0.005540	0.002149
-0.001627	-0.002344	-0.002413	-0.001116	0.000000	0.001332
-0.002512	-0.002051	-0.001395	-0.002791	-0.000732	0.000000
-0.002279	-0.001954	-0.001395	0.000000	0.000782	0.000799
-0.002930	-0.002083	-0.001628	-0.002599	0.004675	-0.001065
-0.003070	-0.001758	-0.000689	-0.002775	0.011452	-0.003795
-0.002564	-0.003767	-0.001172	-0.001953	0.013849	-0.002511
-0.001172	-0.002116	-0.002139	0.000587	0.017485	-0.002636
-0.000366	-0.002930	-0.000558	-0.002158	0.017299	-0.002930
-0.000418	-0.001172	-0.001171	-0.001395	0.014928	-0.000837
-0.000558	-0.001117	-0.001758	0.000000	0.014128	0.000279
-0.001172	-0.000586	-0.000837	-0.000837	0.009765	0.000266
-0.002604	-0.001563	-0.001256	-0.001116	0.012247	0.000533
-0.002051	-0.002093	-0.000558	-0.000837	0.011402	0.000602
-0.001761	-0.001627	-0.001395	-0.001395	0.013285	0.000279
-0.001675	-0.001842	-0.002636	-0.001842	0.013281	-0.000279
-0.001758	-0.002051	-0.001302	-0.002567	0.011490	-0.001628
-0.001675	-0.001256	-0.003767	-0.002511	0.011693	-0.002467
-0.001723	-0.003255	-0.004278	-0.003393	0.008939	-0.004028
-0.002232	-0.002150	-0.001627	-0.002937	0.009702	-0.004785
-0.001627	-0.001465	-0.004046	-0.001786	0.008523	-0.003462
-0.001953	-0.001034	-0.001953	-0.001396	0.008050	-0.001395
-0.001442	-0.001270	-0.003446	-0.001395	0.011084	-0.001302
-0.001953	-0.002046	-0.001302	-0.000837	0.013404	0.001395
-0.001758	-0.003125	-0.002413	-0.001465	0.013207	0.000000
-0.001465	-0.000925	-0.001116	-0.001395	0.013583	-0.000586
-0.001674	-0.002214	-0.002930	-0.000558	0.013570	0.000670
-0.000558	-0.003223	-0.002232	-0.001953	0.014720	0.000000
-0.001953	-0.003255	-0.002637	-0.001513	0.013175	-0.002130
-0.001933	-0.002279	-0.002605	-0.000616	0.010388	-0.003096
-0.002511	-0.000879	-0.002604	0.000308	0.012784	-0.002760
-0.001395	-0.001302	-0.001953	-0.000279	0.013351	-0.002467
-0.002511	-0.000616	-0.002474	-0.001340	0.014388	-0.001964
-0.000326	-0.001724	-0.002278	-0.004259	0.013051	-0.001465
-0.002127	-0.001628	-0.001674	-0.003102	0.014454	-0.000279
-0.002604	-0.003208	-0.002710	-0.001744	0.013050	-0.001563
-0.002668	-0.003348	-0.000879	-0.001116	0.014742	-0.001953
-0.000651	-0.000651	-0.000586	-0.000366	0.016602	-0.001674
-0.002929	0.000000	-0.001953	-0.002623	0.016939	-0.001172
-0.001255	-0.000558	-0.001953	-0.001395	0.018403	-0.000733
-0.000837	-0.003515	-0.000279	-0.001066	0.018555	0.000558
-0.001953	-0.001757	-0.001967	-0.001116	0.019630	0.000977
-0.001674	-0.002930	-0.001395	-0.001953	0.018922	0.000000
-0.002279	-0.003222	-0.001628	-0.003084	0.019629	-0.001627
-0.002232	-0.003711	-0.001628	-0.001953	0.016850	-0.001953
-0.001814	-0.003255	-0.001465	-0.002687	0.014488	-0.001953
-0.002046	-0.002734	-0.000977	-0.001116	0.012239	-0.002467
-0.003767	-0.001395	-0.001953	-0.000616	0.011965	-0.002467
-0.001011	-0.000293	-0.000837	0.000000	0.010091	-0.001395
-0.001953	-0.000651	-0.001920	-0.001562	0.009232	-0.001864
-0.001395	-0.001674	-0.001758	-0.001116	0.009765	0.000000
-0.002511	-0.001953	-0.001465	0.000000	0.011307	-0.001628
-0.002651	-0.000879	-0.001674	-0.001850	0.012602	-0.000837
-0.001396	-0.000586	-0.002511	0.000000	0.014006	-0.001898
-0.002197	-0.000879	-0.003348	-0.001172	0.017354	-0.001563
0.000326	-0.000837	-0.003767	-0.001395	0.016779	-0.001172
-0.001395	-0.002413	-0.002279	-0.001936	0.015448	-0.003683
-0.001395	-0.003418	-0.001209	-0.000279	0.013882	-0.001898
-0.001907	-0.002963	-0.002232	-0.001563	0.012767	-0.000977
-0.000558	-0.003055	-0.002930	-0.001953	0.013304	-0.001864
-0.002930	-0.001563	-0.002408	-0.000837	0.011288	0.000000
-0.001954	-0.001674	-0.001724	-0.001395	0.010653	-0.000837
-0.003070	-0.002669	-0.002051	-0.002623	0.011541	-0.001465
-0.001172	-0.001395	-0.002702	-0.000837	0.011091	-0.001598
-0.001831	-0.001674	-0.002758	-0.000781	0.011439	-0.000977
-0.001535	-0.001627	-0.002511	-0.001723	0.012696	-0.000977
-0.000732	-0.000616	-0.002344	-0.002320	0.012868	-0.000558
-0.000558	0.000326	-0.002278	-0.001395	0.013395	0.000267
0.000000	-0.000976	-0.003190	-0.002159	0.014243	0.001099
-0.001674	-0.001465	-0.002651	-0.002009	0.013718	0.000586
-0.001395	-0.001674	-0.002084	-0.001724	0.014216	0.000000
-0.001720	-0.002092	-0.002343	-0.000837	0.012886	-0.000617
-0.001907	-0.001758	-0.002093	-0.001395	0.013038	-0.000837
-0.002278	-0.002539	-0.002232	-0.001864	0.013442	-0.003315
-0.002929	-0.002897	-0.002930	-0.002041	0.010121	-0.001465
-0.002564	-0.001674	-0.002232	-0.002420	0.010179	-0.002929
-0.001675	-0.002233	-0.004185	-0.002511	0.010896	-0.000799
-0.002651	-0.003028	-0.001953	-0.002232	0.010612	-0.001628
-0.002232	-0.002051	-0.002721	-0.002232	0.010273	-0.000308
-0.002093	-0.003306	-0.003535	-0.002291	0.010920	-0.000326
-0.001674	-0.004417	-0.003069	-0.001542	0.010449	-0.000837
-0.002511	-0.003581	-0.002093	-0.001953	0.011979	-0.000266
-0.001117	0.000000	-0.001972	-0.000925	0.015951	-0.000326
-0.002302	-0.001897	-0.003184	-0.002776	0.013849	-0.000651
-0.001395	-0.001297	-0.002929	-0.002570	0.017249	-0.001465
-0.001628	-0.003392	-0.004232	-0.004133	-0.332196	-0.003995	4
-0.002651	-0.004645	-0.006445	-0.004241	-0.328515	-0.003978	0
-0.003488	-0.002720	-0.005720	-0.002790	-0.334479	-0.003685	51755
-0.002790	-0.002800	-0.001953	0.000309	-0.328934	-0.001450	1791
-0.002279	-0.001255	-0.000279	0.000000	-0.335620	0.002636
-0.003720	-0.000390	-0.000586	0.002051	-0.351695	0.001674
-0.002046	-0.001715	-0.000558	0.001542	-0.344940	-0.000266
-0.002929	-0.002343	-0.002604	-0.002400	-0.362349	-0.000588
-0.001116	-0.002344	-0.002051	-0.003249	-0.323473	-0.002604
-0.000558	-0.003022	-0.002929	-0.004563	-0.368804	-0.003813
-0.000279	-0.002637	-0.003184	-0.002511	-0.336009	-0.002790
-0.001831	-0.002995	-0.002506	-0.004632	-0.358237	-0.002930
-0.002790	-0.001842	-0.001907	-0.001953	-0.358789	-0.001674
-0.002929	-0.001302	-0.001172	-0.000866	-0.343472	-0.002064
-0.006418	-0.001234	-0.001395	0.000390	-0.320068	-0.002735
-0.004604	-0.000586	-0.002409	-0.002344	-0.343750	-0.001627
-0.000837	-0.001542	-0.002929	-0.002400	-0.342584	-0.003069
-0.001953	-0.002636	-0.002995	-0.002159	-0.330818	-0.003300
0.000000	-0.003721	-0.004883	-0.002281	-0.295860	-0.002397
-0.000976	-0.002791	-0.002372	-0.002775	-0.253841	-0.001395
-0.001814	-0.002232	-0.000837	-0.002511	-0.182346	-0.000558
-0.003069	-0.001464	-0.001953	-0.001116	-0.110631	0.000000
-0.004046	-0.001172	-0.002051	-0.002790	-0.058919	-0.001660
-0.002790	-0.001758	-0.001953	-0.002467	-0.017286	-0.001953
-0.002110	-0.001716	-0.002232	-0.001674	0.004590	-0.003196
-0.001999	-0.001953	-0.000879	-0.001175	0.001332	-0.003729
-0.000558	-0.001465	-0.002637	-0.002734	-0.010235	-0.001999
-0.001953	-0.002343	-0.000419	-0.002232	-0.014062	-0.000558
-0.003069	-0.001953	-0.002804	-0.003676	-0.010387	-0.000592
-0.004063	-0.002594	-0.002790	-0.002560	-0.000896	0.000000
-0.002511	-0.002051	-0.002790	-0.002159	0.010026	-0.001116
-0.002233	-0.002511	-0.002604	-0.001116	0.017392	-0.001331
-0.001674	-0.002930	-0.002637	0.000689	0.019345	-0.001758
-0.001953	-0.001850	-0.002068	-0.000279	0.014741	-0.001332
-0.000977	-0.001953	-0.001953	-0.000558	0.008510	-0.001674
-0.003034	-0.002930	-0.002930	-0.002233	0.000799	0.000000
-0.002604	-0.001302	-0.003488	-0.004009	-0.002101	-0.002344
-0.004297	-0.003683	-0.003767	-0.002758	0.000279	-0.001233
-0.003069	-0.002930	-0.003092	-0.004009	0.005948	-0.001228
-0.001999	-0.002278	-0.003611	-0.001723	0.009872	-0.003209
-0.001674	-0.001758	-0.001171	-0.001598	0.011663	-0.002679
-0.002605	-0.002343	-0.002790	-0.001542	0.014383	-0.002663
-0.000293	-0.000586	-0.004604	-0.000837	0.015950	-0.002397
-0.000837	-0.000837	-0.002232	0.000000	0.014265	-0.000586
-0.001953	-0.002051	-0.004185	-0.001172	0.011328	0.000533
-0.002511	-0.004479	-0.002246	-0.000926	0.011145	0.000000
-0.003348	-0.003223	-0.002009	-0.002068	0.009626	0.000366
-0.004185	-0.003907	-0.002186	-0.001507	0.010754	-0.000879
-0.002930	-0.001117	-0.002344	-0.001172	0.011135	-0.001172
-0.002512	-0.002605	-0.002279	-0.000837	0.011546	-0.000782
-0.001674	-0.002092	-0.002232	-0.002100	0.007617	-0.001954
-0.002930	-0.001954	-0.002790	-0.002790	0.011934	-0.001465
-0.005023	-0.004604	-0.004139	-0.002966	0.007802	-0.003572
-0.002930	-0.002512	-0.004032	-0.002467	0.007865	-0.003613
-0.003348	-0.003115	-0.004907	-0.002907	0.007675	-0.004195
-0.000558	-0.002051	-0.002637	-0.001724	0.006157	-0.001331
-0.001098	-0.000838	-0.002791	-0.000837	0.008670	-0.001954
-0.002929	-0.003162	-0.002278	-0.000266	0.009884	-0.000279
-0.002467	-0.001758	-0.004186	-0.001953	0.012451	-0.001598
-0.002512	-0.002139	-0.002232	-0.002071	0.014001	-0.000532
-0.002512	-0.001116	-0.002344	-0.002343	0.014974	0.001256
-0.003348	-0.002344	-0.002279	-0.003084	0.017253	-0.000733
-0.002512	-0.003809	-0.002930	-0.001563	0.014729	-0.002130
-0.002790	-0.001172	-0.001953	-0.001395	0.012517	-0.003729
-0.000651	-0.002470	-0.001674	-0.000279	0.013317	-0.003829
-0.001757	-0.002605	-0.002560	-0.001172	0.010653	-0.001598
-0.001674	-0.002278	-0.002409	-0.001953	0.011896	-0.002344
-0.003069	-0.002553	-0.002651	-0.003157	0.010920	0.000879
-0.003069	-0.002791	-0.002734	-0.002232	0.013932	0.000279
-0.004465	-0.002364	-0.001920	-0.001483	0.013905	-0.000925
-0.004028	-0.004199	-0.001953	-0.002344	0.015820	-0.000651
-0.002511	-0.002050	-0.001172	-0.001145	0.016105	-0.003196
0.000366	-0.003348	-0.000325	-0.000279	0.016744	-0.004161
0.001562	-0.001953	-0.000837	-0.001953	0.015663	-0.001627
0.000558	-0.001758	-0.000837	-0.001395	0.016513	0.000000
-0.001953	-0.002800	-0.003209	-0.001954	0.015181	0.000000
-0.003522	-0.001172	-0.002413	-0.001395	0.015376	0.000837
-0.004231	-0.001841	-0.002344	-0.001953	0.017844	0.000279
-0.003906	-0.003069	-0.002413	-0.001865	0.017667	-0.001758
-0.002790	-0.004576	-0.000930	-0.001116	0.017613	-0.005360
-0.002930	-0.002637	-0.002092	-0.000838	0.014629	-0.004410
-0.000837	-0.004269	-0.002093	-0.000837	0.014277	-0.005327
-0.000558	-0.002455	-0.000558	-0.000799	0.011110	-0.003463
-0.000977	-0.001758	-0.001255	-0.000308	0.007829	-0.001332
-0.000558	-0.002159	-0.003348	-0.001172	0.007783	-0.000733
-0.002232	-0.003886	-0.002790	-0.001395	0.008124	0.001511
-0.006418	-0.003516	-0.002050	-0.001850	0.010920	0.002232
-0.005441	-0.003414	-0.002790	-0.002735	0.016282	0.001228
-0.002511	-0.001758	-0.002637	-0.002019	0.017064	-0.002854
-0.000344	-0.000837	-0.000366	-0.001378	0.019336	-0.004527
0.000879	-0.000837	-0.000605	-0.001723	0.017774	-0.003808
-0.000279	-0.002084	-0.002930	-0.000279	0.014027	-0.002511
-0.001953	-0.002344	-0.003446	-0.001061	0.012835	-0.001563
-0.002558	-0.001953	-0.001758	-0.001395	0.010857	0.000366
-0.003906	-0.000878	-0.003069	-0.001850	0.009322	0.001172
-0.004232	-0.002604	-0.002511	-0.001116	0.007908	-0.000326
-0.002232	-0.001790	-0.001964	-0.001234	0.009724	0.000586
-0.001953	-0.003104	-0.001767	-0.001758	0.012370	-0.000586
-0.000559	-0.003223	-0.002511	-0.002197	0.012860	-0.004232
-0.001209	-0.003418	-0.002571	-0.001953	0.013811	-0.002232
-0.001395	-0.001302	-0.002757	-0.001674	0.013557	-0.002343
-0.001395	-0.002343	-0.002051	-0.002429	0.011338	-0.000879
-0.002930	-0.002776	-0.001953	-0.002262	0.009007	-0.001065
-0.001953	-0.002930	-0.001740	-0.000558	0.010512	-0.000266
-0.001953	-0.001171	-0.001953	-0.002129	0.010999	-0.002177
-0.002051	-0.002512	-0.002930	-0.001762	0.012112	-0.002961
-0.001395	-0.001506	-0.002232	-0.002343	0.012109	-0.001758
-0.003348	-0.002930	-0.003348	-0.001851	0.011068	-0.002051
-0.001395	-0.004441	-0.004222	-0.002232	0.012355	-0.002098
-0.002604	-0.004395	-0.002929	-0.003516	0.010852	-0.002564
-0.001954	-0.003264	-0.003349	-0.002066	0.007506	-0.001983
-0.002232	-0.001968	-0.001758	-0.000926	0.007714	-0.001318
-0.002115	-0.002708	-0.002278	-0.001674	0.012201	-0.002902
-0.003209	-0.001850	-0.003348	-0.002494	0.009729	-0.003295
-0.001395	-0.002846	-0.002051	-0.001395	0.010091	-0.001234
-0.002512	-0.001758	-0.002372	-0.000837	0.010653	-0.000390
-0.003121	-0.001233	-0.001303	-0.001098	0.014085	-0.000799
-0.001814	-0.001953	-0.000977	-0.000837	0.012565	-0.000837
-0.001674	-0.002776	-0.000976	-0.002512	0.017891	-0.001627
-0.000651	-0.002343	-0.001204	-0.000837	0.018066	-0.002511
-0.001116	-0.001968	-0.000279	-0.001465	0.016788	-0.003767
-0.000558	-0.001465	-0.003209	-0.001116	0.016673	-0.002663
-0.001034	-0.002344	-0.001465	-0.001723	0.012956	-0.002067
-0.002511	-0.004186	-0.002197	-0.002734	0.013685	-0.002930
-0.001953	-0.003934	-0.002412	-0.001850	0.011305	0.000000
-0.001953	-0.003767	-0.002232	-0.001953	0.011834	0.001954
-0.003209	-0.002051	-0.001674	-0.001116	0.012376	0.001628
-0.002790	-0.002636	-0.002962	-0.001116	0.013713	0.000279
-0.002148	-0.001549	-0.001116	-0.001233	0.004029	-0.001850
-0.001856	-0.002192	-0.001627	-0.000670	0.014306	-0.003551
-0.001888	-0.005064	-0.001568	-0.000558	0.015234	-0.002782
-0.001395	-0.001806	-0.001395	-0.001116	0.016193	-0.002549
-0.002197	-0.002233	-0.001395	-0.002159	0.014397	-0.003580
-0.001906	-0.001767	-0.000558	-0.002159	0.012175	-0.001332
-0.002776	-0.002512	-0.002278	-0.002159	0.012408	-0.001627
-0.001860	-0.003255	-0.001628	-0.003516	0.013976	0.000266
-0.001954	-0.003255	-0.001860	-0.002437	0.015422	-0.001395
-0.001465	-0.002343	-0.001953	-0.003125	0.012784	-0.000782
-0.000651	-0.003104	-0.001172	-0.000781	0.013849	-0.001066
-0.002232	-0.001757	-0.001395	-0.000308	0.016231	-0.001233
-0.002651	-0.001172	-0.000279	-0.002232	0.011566	-0.003196
-0.000879	-0.001302	-0.002605	-0.001674	0.008825	-0.002130
-0.003349	-0.001498	-0.002279	-0.002540	0.007577	-0.000651
-0.001116	-0.003070	-0.002495	-0.003349	0.005810	-0.001598
-0.003349	-0.002051	-0.002344	-0.001850	0.010121	-0.001953
-0.003209	-0.001465	-0.002650	-0.002429	0.014800	-0.003906
-0.004604	-0.003348	-0.002636	-0.003349	0.022423	-0.002131
-0.005302	-0.001302	-0.003255	-0.002599	0.003125	-0.001733
-0.003813	-0.002467	-0.001953	-0.002159	0.027823	-0.001303
-0.004790	-0.002344	-0.004046	-0.002757	0.025391	-0.001465
-0.004786	-0.002995	-0.005255	-0.003554	0.025169	-0.000781
-0.005023	-0.005023	-0.006696	-0.004300	0.022119	-0.001636
-0.006139	-0.003557	-0.002068	-0.004141	0.018753	0.000651
-0.004604	-0.002343	-0.009022	-0.007924	0.016513	-0.000558
-0.007719	-0.004800	-0.012044	-0.005636	0.013157	-0.000976
-0.010324	-0.004785	-0.013950	-0.006990	0.006835	-0.001758
-0.012974	-0.003060	-0.014425	-0.006109	0.001302	0.000000
-0.013184	-0.003349	-0.016035	-0.004186	-0.002871	-0.002302
-0.015049	-0.003353	-0.015862	-0.006182	-0.001538	-0.001865
-0.017811	-0.004882	-0.016434	-0.005199	0.004232	-0.001864
-0.018164	-0.004831	-0.019165	-0.005933	0.010340	-0.004186
-0.019824	-0.006753	-0.020424	-0.008929	0.016709	-0.001562
-0.024132	-0.007998	-0.019880	-0.008036	0.019239	-0.001953
-0.031250	-0.006901	-0.020131	-0.006418	0.020461	-0.001465
-0.040680	-0.012068	-0.017053	-0.006433	0.013316	0.000799
-0.049944	-0.011980	-0.013769	-0.007763	0.009082	0.000366
-0.036863	-0.012988	-0.013812	-0.010409	0.004901	-0.001465
-0.068934	-0.013900	-0.010761	-0.010602	0.003084	0.000000
-0.077051	-0.011163	-0.008510	-0.011719	0.005522	-0.001953
-0.093489	-0.008705	-0.006929	-0.011161	0.007783	-0.001116
-0.092565	-0.008326	-0.004604	-0.009375	0.010273	-0.000781
-0.088895	-0.004604	-0.002093	-0.010515	0.012435	-0.000293
-0.092486	-0.004883	0.001953	-0.010435	0.013486	-0.001598
-0.093248	-0.001758	0.003162	-0.009061	0.011912	-0.002343
-0.097571	-0.000838	0.007534	-0.003274	0.011068	-0.000266
-0.077302	0.000326	0.004492	-0.009486	0.008482	-0.002663
-0.002233	0.001628	0.003069	-0.001233	0.009026	-0.002232
-0.001465	0.002301	0.000952	-0.002511	0.013050	-0.002232
-0.000879	0.002929	-0.002139	-0.002159	0.015532	-0.000879
-0.001465	0.003022	-0.002232	-0.002775	0.014246	-0.003223
-0.002511	0.001530	-0.002929	-0.003516	0.012324	-0.002319
-0.000837	0.003683	-0.003223	-0.002776	0.010014	-0.003795
-0.002441	0.004101	-0.003069	-0.001936	0.002397	-0.002930
-0.002929	0.003125	-0.005860	-0.001953	0.001378	-0.004883
-0.001465	0.003808	-0.005720	-0.001116	-0.000837	-0.001541
-0.002860	0.003162	-0.003348	-0.001395	-0.001379	-0.001395
-0.002512	0.005189	-0.002051	-0.001563	0.000391	-0.001116
-0.002637	0.000879	-0.003209	-0.001786	0.000000	-0.000651
-0.003070	0.001674	-0.002651	-0.001395	-0.000279	-0.001542
-0.002412	-0.001302	-0.002604	-0.001851	-0.005170	-0.002563
-0.002232	-0.003184	-0.001302	-0.002658	-0.001332	-0.002149
-0.002278	-0.002051	-0.001953	-0.002567	-0.001332	-0.001864
-0.000781	-0.003102	-0.001116	-0.003070	-0.001953	-0.001116
-0.002093	-0.003613	-0.003102	-0.002233	-0.001332	-0.002604
-0.001953	-0.001720	-0.002604	-0.001674	-0.000925	0.000837
-0.001465	-0.003906	-0.001724	-0.001831	-0.001864	-0.002064
-0.002564	-0.002467	-0.001116	-0.000558	-0.001865	-0.001172
-0.001674	-0.002214	-0.001674	-0.001116	-0.001332	-0.002344
-0.002511	-0.003642	-0.001953	-0.002232	-0.002734	-0.002092
-0.001953	-0.003907	-0.003516	-0.001204	-0.001864	-0.002130
-0.002550	-0.004232	-0.002605	-0.002775	-0.002503	-0.003096
-0.002092	-0.004311	-0.002883	-0.001542	-0.001865	-0.002143
-0.001953	-0.001628	-0.001953	-0.001953	-0.001611	-0.001850
-0.001953	-0.001850	-0.001823	-0.000949	-0.000782	-0.001598
-0.002441	-0.002068	-0.001720	-0.001234	-0.003657	-0.002197
-0.002685	-0.001953	-0.002790	-0.002068	-0.000585	-0.000558
-0.001953	-0.002232	-0.002344	-0.002476	-0.001456	-0.000782
-0.000733	-0.003767	-0.001465	-0.002511	-0.001066	-0.001660
-0.001628	-0.001953	-0.002083	-0.001465	-0.002232	-0.001674
-0.003208	-0.002469	-0.002232	-0.002344	-0.002397	-0.001758
-0.002511	-0.001954	-0.002511	-0.001395	-0.000837	-0.001099
-0.002651	-0.002957	-0.001953	-0.000799	-0.002511	-0.001116
-0.002964	-0.003013	-0.002804	-0.001674	-0.001065	-0.001302
-0.002512	-0.002637	-0.001116	-0.001674	-0.001332	-0.001831
-0.002930	-0.002929	-0.001628	-0.002159	-0.001172	-0.001953
-0.002232	-0.002637	-0.001628	-0.001674	-0.002131	-0.001116
-0.002651	-0.002604	-0.001172	-0.002408	-0.002131	-0.001116
-0.001488	-0.003320	-0.001953	-0.001395	-0.002397	-0.000617
-0.002511	-0.001674	-0.002278	-0.002937	-0.000926	-0.000925
-0.001744	-0.001953	-0.003348	-0.001395	-0.002511	-0.001395
-0.003813	-0.001302	-0.002897	-0.001953	-0.000617	-0.000799
-0.002790	-0.003097	-0.002124	-0.001116	-0.003907	-0.000879
-0.003348	-0.002604	-0.002051	-0.000617	-0.002467	-0.002279
-0.002093	-0.001465	-0.001953	-0.002159	-0.002511	-0.001953
-0.001675	-0.001464	-0.003069	-0.000558	-0.000799	-0.003729
-0.001831	-0.001172	-0.002050	-0.002081	-0.001541	-0.001172
-0.001813	-0.001395	-0.002930	-0.001674	-0.001563	-0.000781
-0.001953	-0.002758	-0.002930	-0.002215	-0.000799	-0.002512
-0.001953	-0.003418	-0.002325	-0.002400	-0.000279	-0.001507
-0.003209	-0.003288	-0.002790	-0.000391	-0.001542	-0.001953
-0.001209	-0.002176	-0.002637	-0.002902	-0.001598	-0.000799
-0.002512	-0.002214	-0.001236	-0.000837	-0.003936	-0.001562
-0.002512	-0.001953	-0.002068	0.000558	-0.003587	-0.001674
-0.003070	-0.002376	-0.002344	-0.001395	-0.003107	-0.001831
-0.002344	-0.002232	-0.004004	-0.000837	-0.003296	-0.001331
-0.003592	-0.002511	-0.003395	-0.001953	-0.001066	-0.001581
-0.002930	-0.001953	0.007533	-0.002068	0.002220	-0.001302
-0.002197	-0.000925	-0.002637	-0.001116	0.003660	0.000000
-0.002372	-0.001628	-0.003115	-0.001675	0.005088	-0.000976
-0.001953	-0.001953	-0.002897	-0.003701	0.007868	0.000733
-0.002511	-0.001465	-0.003070	-0.002288	0.006185	-0.000879
-0.001953	-0.001674	-0.000912	-0.001379	0.004688	-0.000586
-0.001999	-0.000837	-0.001464	-0.000558	-0.002790	-0.001234
-0.001907	-0.002344	-0.002093	-0.000837	-0.020520	-0.000837
-0.002929	-0.000293	-0.001953	-0.001065	-0.078257	-0.000799
-0.002197	-0.001628	-0.001675	-0.002041	-0.168830	0.000366
-0.002930	-0.001953	-0.002232	-0.000308	-0.277592	-0.000293
-0.001675	-0.001954	-0.003348	-0.002511	-0.343212	-0.001865
-0.003488	-0.002344	-0.002511	-0.003349	-0.326953	-0.000651
-0.003435	-0.003516	-0.002721	-0.004661	-0.371866	-0.001542
-0.004046	-0.003892	-0.004511	-0.005066	-0.352716	-0.003907
-0.002233	-0.002790	-0.002511	-0.003583	-0.340503	-0.004743
-0.000837	-0.002930	-0.001675	-0.001674	-0.348535	-0.003262
-0.001117	-0.001716	-0.001302	0.000925	-0.360677	-0.002558
-0.000837	-0.000781	-0.001805	0.000925	-0.343360	-0.000976
-0.001395	-0.000712	-0.000976	-0.000279	-0.332753	0.002197
0.000325	-0.002158	-0.003906	-0.004865	0.011275	-0.003462	5
0.000000	-0.004645	-0.004136	-0.005357	0.010873	-0.000293	128
-0.002930	-0.003557	-0.004604	-0.003906	0.011503	-0.000910	51527
-0.002511	-0.003093	-0.001395	-0.002878	0.012956	0.000000	1791
-0.000651	-0.002804	-0.000837	-0.003102	0.011617	0.001171
-0.003162	-0.001785	-0.000879	-0.000586	0.010654	-0.000837
-0.003022	-0.002008	-0.000977	-0.001541	0.009943	-0.003196
-0.003581	-0.002929	-0.002604	-0.003572	0.008429	-0.002820
-0.002791	-0.003809	-0.003809	-0.003249	0.009144	-0.004232
-0.001674	-0.002241	-0.003906	-0.006405	0.016050	-0.003534
-0.001116	-0.002051	-0.004563	-0.003906	0.019207	-0.001953
-0.003034	-0.002670	-0.003092	-0.003795	0.024198	-0.001332
-0.003627	-0.001842	-0.003535	-0.002790	0.025036	-0.000558
-0.004557	-0.002605	-0.003450	-0.002100	0.027110	0.000733
-0.004604	-0.001234	-0.002511	-0.002735	0.023877	-0.000558
-0.005720	-0.002051	-0.005989	-0.003906	0.023621	-0.001953
-0.003953	-0.002467	-0.007747	-0.004632	0.021953	-0.002232
-0.004883	-0.003222	-0.009877	-0.006109	0.017691	-0.002992
-0.004325	-0.004046	-0.011161	-0.006746	0.012518	-0.002131
-0.005673	-0.003395	-0.012277	-0.006359	0.004823	-0.001116
-0.006278	-0.003115	-0.012151	-0.005507	-0.001865	0.000000
-0.008649	-0.003013	-0.011886	-0.005683	-0.003627	0.001674
-0.012184	-0.003892	-0.013477	-0.004911	-0.000591	0.000782
-0.012835	-0.002637	-0.014616	-0.006123	0.006445	-0.001395
-0.013625	-0.002009	-0.015904	-0.006752	0.015252	-0.004380
-0.012555	-0.003581	-0.012891	-0.006109	0.017951	-0.005926
-0.013393	-0.002930	-0.013770	-0.006808	0.016748	-0.003952
-0.015299	-0.002929	-0.015779	-0.006550	0.014258	-0.002177
-0.017113	-0.002604	-0.015459	-0.007583	0.007990	0.001331
-0.022321	-0.003013	-0.013434	-0.009766	0.003906	0.001627
-0.024832	-0.003223	-0.013393	-0.011061	0.003161	0.000837
-0.028553	-0.004981	-0.014881	-0.012277	0.006195	-0.000266
-0.031306	-0.004688	-0.012528	-0.010775	0.010417	-0.002051
-0.031947	-0.003701	-0.011719	-0.007754	0.014462	-0.003196
-0.031250	-0.005078	-0.009672	-0.010882	0.014663	-0.002511
-0.031215	-0.003223	-0.008650	-0.010324	0.011921	-0.002791
-0.034635	-0.002604	-0.007255	-0.012259	0.010761	-0.002734
-0.033923	-0.002427	-0.005720	-0.010504	0.008427	-0.001233
-0.034877	-0.001953	-0.005045	-0.009994	0.008256	-0.001228
-0.033528	0.000326	-0.006368	-0.010467	0.008807	-0.003209
-0.026228	0.001298	-0.006591	-0.011592	0.009313	-0.004241
-0.001628	-0.002636	-0.010045	-0.010444	0.012252	-0.002397
-0.000293	-0.000879	-0.009134	-0.001507	0.014388	-0.001864
0.000000	-0.001130	-0.008650	-0.002717	0.012886	-0.000879
-0.002604	-0.001758	-0.009626	-0.003125	0.008310	-0.002131
-0.002511	-0.003767	-0.008789	-0.003084	0.003611	-0.001488
-0.002511	0.000586	-0.010659	-0.003660	-0.000279	-0.001465
-0.003906	0.001302	-0.010226	-0.003460	-0.001378	-0.002714
-0.002930	0.003515	-0.006348	-0.002121	0.002601	-0.003269
-0.001675	0.001302	-0.008510	-0.002512	0.003995	-0.005078
-0.002511	0.000558	-0.001907	-0.002658	0.003826	-0.005372
-0.000977	0.002567	-0.002511	-0.001674	0.005812	-0.001758
-0.002512	0.001422	-0.002186	-0.003274	0.004410	-0.001228
-0.001302	-0.001116	-0.003739	-0.003921	0.003729	-0.000977
-0.002511	-0.002139	-0.003873	-0.002599	-0.004825	-0.001632
-0.001395	-0.001758	-0.002344	-0.003184	-0.003729	-0.002130
-0.001831	-0.002233	-0.003209	-0.003465	-0.003569	-0.001954
-0.001953	-0.001534	-0.003581	-0.001065	-0.003433	-0.001674
-0.002467	-0.001758	-0.002930	-0.001953	-0.001831	-0.001598
-0.002233	-0.001488	-0.002511	-0.002071	-0.000533	-0.001065
-0.003349	-0.001396	-0.000879	-0.002734	0.000000	-0.000418
-0.003069	-0.002344	-0.002604	-0.003700	0.000391	-0.002098
-0.002233	-0.002637	-0.003767	-0.003125	-0.001379	-0.001598
-0.001674	-0.002637	-0.004278	-0.002599	-0.001066	-0.002664
-0.000651	-0.001884	-0.004234	-0.003070	-0.001864	-0.003562
-0.002539	-0.001953	-0.002905	-0.002735	-0.003445	-0.002722
-0.002092	-0.001302	-0.001530	-0.002734	-0.002930	-0.002344
-0.003488	-0.002260	-0.002093	-0.002540	-0.003054	-0.000879
-0.002232	-0.001953	-0.003320	-0.001953	-0.000781	-0.000279
-0.002512	-0.001248	-0.002571	-0.002716	-0.000558	0.000617
-0.002197	-0.002246	-0.002511	-0.003907	-0.000293	-0.000651
-0.000419	-0.002050	-0.002344	-0.001762	-0.000799	-0.002397
0.000732	-0.002930	-0.002279	0.000279	-0.001953	-0.003362
-0.000782	-0.001172	-0.002790	-0.001953	-0.004379	-0.002929
-0.000837	-0.002051	-0.001395	-0.001953	-0.005859	-0.001628
-0.001953	-0.001921	-0.004046	-0.002512	-0.006126	-0.000685
-0.003522	-0.001172	-0.003447	-0.002232	-0.004688	0.000558
-0.004883	-0.002260	-0.001465	-0.001395	-0.001332	-0.000279
-0.003069	-0.001953	-0.001034	-0.001066	0.001172	-0.000293
-0.002790	-0.003125	-0.002688	-0.001116	0.001953	-0.004028
-0.002051	-0.001758	-0.002092	-0.001675	0.000732	-0.002636
-0.001116	-0.002176	-0.002093	-0.001953	0.000000	-0.003729
-0.001116	-0.001618	-0.001395	-0.002770	-0.001116	-0.002664
-0.001302	-0.001758	-0.000837	-0.002012	-0.003509	-0.001332
-0.001395	0.000000	-0.002232	-0.003572	-0.005238	-0.000367
-0.002511	-0.002714	-0.002092	-0.002512	-0.003823	0.002097
-0.003209	-0.002051	-0.000879	-0.002775	-0.002397	0.000279
-0.001674	-0.001740	-0.003348	-0.003014	-0.002121	0.001228
-0.001953	-0.002051	-0.002930	-0.002363	0.000000	-0.002055
-0.000689	-0.001675	-0.002564	-0.003102	0.001065	-0.004202
-0.000879	-0.001953	-0.001256	-0.002068	-0.000309	-0.004101
-0.000558	-0.001465	-0.001302	-0.003404	-0.001116	-0.002232
-0.002279	-0.002344	-0.003739	-0.003795	-0.003069	-0.001172
-0.001395	-0.000390	-0.002124	-0.001116	-0.004262	0.001099
-0.002511	-0.002008	-0.002232	-0.000925	-0.003196	0.000879
-0.002604	-0.001302	-0.001395	-0.001674	-0.004558	-0.000977
-0.001674	-0.001204	-0.001671	-0.002467	-0.002776	-0.002050
-0.001395	-0.001234	-0.002325	-0.001758	0.000781	-0.002051
-0.000838	-0.002344	-0.002232	-0.002197	0.003237	-0.003907
-0.002046	-0.003809	-0.002571	-0.001953	0.003069	-0.001953
-0.002232	-0.002181	-0.003102	-0.002511	0.005154	-0.002050
-0.002511	-0.002343	-0.002051	-0.004842	0.004888	-0.000879
-0.002512	-0.001850	-0.001953	-0.001983	0.004710	-0.001065
-0.002344	-0.001256	-0.002084	-0.001116	0.004527	0.000000
-0.002930	-0.000879	-0.001628	-0.002129	0.001792	-0.000558
-0.001465	-0.000837	-0.002930	-0.004229	-0.004675	-0.001758
-0.001116	-0.001785	-0.002790	-0.001562	-0.028729	-0.000879
-0.000419	-0.002093	-0.002232	-0.003084	-0.094675	0.001172
-0.001116	-0.002097	-0.003636	-0.001674	-0.176923	0.000732
-0.001302	-0.003223	-0.004185	-0.001953	-0.302485	0.001265
-0.001954	-0.002008	-0.005302	-0.001758	-0.344401	-0.000799
-0.003348	-0.004479	-0.002051	-0.003084	-0.340360	-0.001904
-0.003287	-0.003398	-0.002929	-0.003466	-0.363708	-0.006418
-0.003209	-0.003248	-0.003767	-0.003592	-0.353392	-0.005559
-0.002790	-0.002427	-0.003443	-0.002232	-0.336784	-0.005140
-0.002512	-0.000879	-0.001953	0.000279	-0.311772	-0.003711
-0.002563	-0.000617	-0.000326	0.001465	-0.305797	-0.000532
-0.000279	-0.000837	0.000000	0.000838	-0.334701	0.000279
-0.000558	0.000000	0.000651	0.000279	-0.366625	0.001569
-0.000326	-0.001171	-0.000911	-0.000837	-0.354199	0.000837
-0.001674	-0.001968	-0.001395	-0.003076	-0.351702	-0.003767
-0.001675	-0.000586	-0.003767	-0.003098	-0.358919	-0.002663
-0.002011	-0.003028	-0.003223	-0.004825	-0.361718	-0.005150
-0.002929	-0.003767	-0.003662	-0.006194	-0.330497	-0.005893
-0.002511	-0.003056	-0.002068	-0.001850	-0.341764	-0.004394
-0.002930	-0.003767	-0.002232	0.000000	-0.344727	-0.001953
-0.003209	-0.002343	-0.001953	0.000000	-0.361452	0.001628
-0.002790	-0.002343	-0.002637	-0.000279	-0.343660	0.001674
-0.001562	-0.001968	-0.000558	-0.001850	-0.223706	0.000617
-0.000586	-0.001884	-0.001627	-0.001451	-0.348556	0.000267
-0.001562	-0.002134	-0.000982	-0.001395	-0.354273	-0.001864
-0.001674	-0.001116	-0.001395	-0.001704	-0.345313	-0.001484
-0.003679	-0.001954	-0.001395	-0.003393	-0.348953	-0.002278
-0.002232	-0.001441	-0.001721	-0.003701	-0.338201	-0.002663
-0.003393	-0.001396	-0.003581	-0.003084	-0.337109	-0.004883
-0.001860	-0.003581	-0.004464	-0.004632	-0.333147	-0.002264
-0.001396	-0.002929	-0.001860	-0.003363	-0.344883	-0.002511
-0.002637	-0.003460	-0.001953	-0.003516	-0.308665	-0.001172
-0.001954	-0.003495	-0.002051	-0.000781	-0.328169	-0.001332
-0.001674	-0.001464	-0.001953	0.000000	-0.313740	-0.000308
-0.002651	-0.001172	-0.000837	-0.000558	-0.329952	-0.000837
-0.002051	-0.001302	-0.002930	-0.002511	-0.288221	-0.000532
-0.004325	-0.002149	-0.001954	-0.003377	-0.276603	-0.000976
-0.001953	-0.002233	-0.002495	-0.002177	-0.219210	-0.003496
-0.003628	-0.001758	-0.002051	-0.002408	-0.155063	-0.003348
-0.002651	-0.002344	-0.002092	-0.004152	-0.101048	-0.003906
-0.002930	-0.003767	-0.001464	-0.003070	-0.050104	-0.002663
-0.004186	-0.000976	-0.001627	-0.001674	-0.004297	-0.002570
-0.001209	-0.000925	-0.000558	-0.002159	0.001598	-0.001303
-0.001953	-0.001758	-0.000977	-0.002413	0.001563	-0.001098
-0.002344	-0.001465	-0.001627	-0.002159	-0.005493	-0.001172
-0.000558	-0.002511	-0.003069	-0.004021	-0.015072	-0.000267
-0.002093	-0.002301	-0.002412	-0.002746	-0.014040	-0.001674
-0.002093	-0.002050	-0.002883	-0.005134	-0.006534	-0.001953
-0.002930	-0.002288	-0.002604	-0.003404	0.007356	-0.002279
-0.001953	-0.002051	-0.004185	-0.001233	0.015447	-0.001465
-0.005022	-0.001888	-0.001758	-0.000558	0.019531	-0.000617
-0.002930	-0.001674	-0.001568	0.000837	0.015358	0.000558
-0.002493	-0.002474	-0.002372	-0.000279	0.011384	-0.000533
-0.003907	-0.001302	-0.001395	-0.001675	0.004557	-0.000799
0.000000	-0.001316	-0.000837	-0.001851	0.000000	-0.001061
-0.000293	-0.001563	-0.000879	-0.002623	-0.001234	-0.001172
-0.001172	-0.001851	-0.003767	-0.004297	0.002397	-0.001953
-0.002232	-0.001465	-0.004604	-0.002735	0.006138	-0.002564
-0.002464	-0.002246	-0.004274	-0.003349	0.010120	-0.002604
-0.002790	-0.003530	-0.003027	-0.002232	0.012988	-0.002930
-0.001234	-0.002441	-0.002791	-0.003125	0.014611	-0.001831
-0.002197	-0.002832	-0.001809	-0.000837	0.015316	-0.001563
-0.002930	-0.001172	-0.001534	-0.000837	0.012890	0.000000
-0.001302	-0.000586	-0.001302	-0.001117	0.010838	-0.000558
-0.001954	0.000000	-0.001674	0.000000	0.010539	-0.000391
-0.001721	-0.001953	-0.004185	-0.001953	0.010156	-0.000586
-0.003255	-0.003125	-0.002757	-0.001116	0.008923	-0.000533
-0.003070	-0.001172	-0.001953	-0.002791	0.012220	-0.000293
-0.003953	-0.001954	-0.001116	-0.001321	0.012045	0.000000
-0.002930	-0.003255	-0.001302	-0.002599	0.009172	-0.001864
-0.002791	-0.001172	-0.002757	-0.003084	0.009351	-0.002232
-0.003296	-0.003767	-0.002051	-0.003069	0.009588	-0.002232
-0.000879	-0.001791	-0.003116	-0.002467	0.008049	-0.003808
-0.000732	-0.001628	-0.001116	-0.002158	0.007369	-0.001465
-0.000837	-0.002637	-0.001464	-0.001395	0.010400	-0.000279
-0.001813	-0.001954	-0.001172	0.000617	0.011198	-0.000670
-0.003906	-0.002084	-0.001674	-0.001936	0.009440	-0.001864
-0.002278	-0.003906	-0.003767	-0.002511	0.012247	-0.000976
-0.001758	-0.001674	-0.002790	-0.003069	0.012467	-0.001850
-0.001761	-0.004232	-0.002511	-0.003906	0.013019	-0.000279
-0.003767	-0.003307	-0.002929	-0.001842	0.012305	-0.002232
-0.003516	-0.002637	-0.003209	-0.001395	0.012327	-0.002605
-0.004046	-0.001256	-0.001674	-0.000837	0.013291	-0.002775
-0.001723	-0.001302	-0.001488	-0.002467	0.012863	-0.004661
-0.001395	-0.001461	-0.000976	-0.002937	0.011655	-0.001563
-0.001953	-0.001172	-0.002791	-0.004130	0.011985	-0.001864
-0.000390	-0.002413	-0.002232	-0.003907	0.011459	-0.000837
-0.001116	-0.001660	-0.004032	-0.003070	0.012200	-0.002604
-0.002930	-0.002371	-0.002604	-0.001116	0.014452	-0.000949
-0.002051	-0.003516	-0.002068	-0.000366	0.013207	-0.001531
-0.003296	-0.001542	-0.001395	-0.001674	0.013583	-0.000586
-0.001256	-0.001628	-0.001674	-0.002856	0.016584	-0.000391
-0.002232	-0.002805	-0.001674	-0.001953	0.016584	-0.002929
-0.002511	-0.002930	-0.001465	-0.001821	0.019443	-0.001864
-0.003475	-0.002604	-0.000977	-0.003084	0.015714	0.000000
-0.002929	-0.001758	-0.002046	-0.002159	0.017139	-0.000602
-0.003069	-0.001953	-0.001395	-0.001953	0.016699	-0.001234
-0.002790	-0.000925	-0.003125	-0.002902	0.017081	-0.003429
-0.003613	-0.002068	-0.000883	-0.001851	0.014382	-0.002930
-0.002127	-0.000977	-0.000279	-0.003102	0.012500	-0.002511
-0.001627	-0.000558	-0.001245	-0.000279	0.010328	-0.003321
-0.002668	-0.001256	-0.000586	-0.000558	0.009854	-0.001660
-0.000651	-0.000651	-0.001758	0.000000	0.010476	-0.001116
-0.002197	-0.001757	-0.002232	-0.001563	0.009182	-0.000586
-0.002092	-0.002233	-0.002511	-0.001674	0.011478	-0.000733
-0.001814	-0.002678	-0.001674	-0.002397	0.014323	-0.000837
-0.002964	-0.003432	-0.003641	-0.002511	0.014460	0.000000
-0.004186	-0.002344	-0.001116	-0.002511	0.015886	-0.001099
-0.000977	-0.002051	-0.001302	-0.003084	0.016894	-0.000976
-0.000837	-0.000879	-0.001954	-0.001395	0.012999	-0.001953
-0.001256	-0.002279	-0.001465	-0.001850	0.012479	-0.001674
-0.002604	-0.001562	-0.000977	-0.001395	0.010844	-0.002159
-0.003348	-0.001674	-0.003906	-0.001821	0.010793	-0.001542
-0.002110	-0.001953	-0.004604	-0.001674	0.010417	-0.000837
-0.003162	-0.003238	-0.004524	-0.002344	0.007401	-0.001065
-0.002790	-0.003390	-0.003223	-0.001674	0.009440	0.000000
-0.003348	-0.002279	-0.002051	-0.001763	0.010917	-0.002279
-0.002372	-0.000293	-0.002232	-0.001850	0.012277	-0.000837
-0.001117	-0.001172	-0.002232	-0.001145	0.011186	-0.001531
-0.000732	0.001269	-0.002929	-0.000879	0.014425	-0.000391
0.000977	-0.000837	-0.004604	-0.001674	0.012251	0.000781
-0.001674	-0.001724	-0.001953	-0.002215	0.011453	-0.000949
-0.001395	-0.003418	-0.002046	-0.003181	0.010952	-0.001116
-0.003209	-0.002963	-0.003906	-0.001563	0.012767	-0.002279
-0.002837	-0.002762	-0.002051	-0.003460	0.012188	-0.002397
-0.003767	-0.003190	-0.002115	-0.001395	0.012619	-0.000390
-0.003070	-0.001953	-0.004119	-0.002790	0.011452	-0.001674
-0.002791	-0.002669	-0.002930	-0.002232	0.009588	-0.002563
-0.001758	-0.001674	-0.003353	-0.002511	0.008712	-0.001864
-0.003034	-0.002092	-0.003688	-0.002344	0.008928	-0.001860
-0.001814	-0.000651	-0.002511	-0.003594	0.009115	-0.001302
-0.002197	-0.000308	-0.002344	-0.002012	0.010133	0.000000
-0.000837	-0.000651	-0.002836	-0.001954	0.011673	-0.000325
-0.001674	-0.000325	-0.001953	-0.003084	0.012911	0.000367
-0.001674	-0.002344	-0.003907	-0.002567	0.013718	0.000879
-0.000837	-0.001255	-0.002670	-0.002905	0.015890	0.000293
-0.001720	-0.001255	-0.003222	-0.000558	0.015253	-0.000926
-0.002186	-0.001172	-0.003349	-0.001953	0.016234	-0.001674
-0.002929	-0.001465	-0.001953	-0.001864	0.016371	-0.002989
-0.002197	-0.002604	-0.002930	-0.001732	0.013299	-0.000879
-0.002930	-0.001116	-0.003348	-0.001835	0.016606	-0.002636
-0.003349	-0.001395	-0.003348	-0.003069	0.016700	-0.001865
-0.002651	-0.002344	-0.002232	-0.003349	0.012565	-0.001628
-0.002232	-0.003223	-0.003558	-0.003348	0.012226	0.000910
-0.003767	-0.003013	-0.003209	-0.002908	0.011186	0.000325
-0.001674	-0.002790	-0.001395	-0.003583	0.011007	-0.001116
-0.002092	-0.002930	-0.002512	-0.001395	0.011328	-0.000266
-0.001117	-0.001423	-0.001302	-0.000308	0.011186	-0.001303
-0.003767	-0.001897	-0.003184	-0.001542	0.010416	-0.001627
-0.003069	-0.001590	-0.003208	-0.004112	0.014852	-0.001098
